# NOT FINAL --- not adjusted for rotation
#:::::::::::::::::::::::::LISA Mapping - All boards channels::::::::::::::::::::::::
#----------------------------------------------------------------------------------#
#           FEBEXID  FEBEXCHA  LayerID(z)  DiamondID(x) DiamondID(y)    Name
#-----------------------------------------------------------------------------------#

#Front side (xy)

#::: 03 :: 13 :: 23 :: 33 :::
#::: 02 :: 12 :: 22 :: 32 :::
#::: 01 :: 11 :: 21 :: 31 :::
#::: 00 :: 10 :: 20 :: 30 :::

#:::::::::::::::   L A Y E R  1   :::::::::::::::#
#:::::::::::::::     America      :::::::::::::::#
        0       2         1     2     4     948-02
        0       3         1     3     4     483-10
        0       4         1     4     4     482-02
        0       5         1     3     3     479-04
        0       6         1     4     3     779-10
        0       7         1     2     3     859-02
        0       8         1     4     2     778-10
        0       9         1     3     2     779-06
        0      10         1     4     0     ch0_10
        0      11         1     4     1     479-09
        0      12         1     3     0     ch0_12
        0      13         1     3     1     486-08
        0      14         1     2     0     ch0_14
        1       2         1     2     1     778-01
        1       3         1     1     0     ch1_3
        1       4         1     1     1     949-01
        1       5         1     0     0     ch1_5
        1       6         1     0     1     ch1_6
        1       7         1     1     2     778-09
        1       8         1     0     2     ch1_8
        1       9         1     2     2     480-01
        1      10         1     0     3     ch1_10
        1      11         1     1     3     843-08
        1      12         1     0     4     ch1_12
        1      13         1     1     4     480-05

#:::::::::::::::   L A Y E R  2   :::::::::::::::#
#:::::::::::::::     Africa       :::::::::::::::#
        2       2         2     0     2     ch2_2
        2       3         2     0     3     ch2_3
        2       4         2     0     4     ch2_4
        2       5         2     1     3     779-01
        2       6         2     1     4     948-08
        2       7         2     1     2     858-10
        2       8         2     2     4     858-07
        2       9         2     2     3     779-04
        2      10         2     4     4     949-09
        2      11         2     3     4     779-07
        2      12         2     4     3     843-03
        2      13         2     3     3     948-09
        2      14         2     4     2     482-01
        3       2         2     3     2     490-04 
        3       3         2     4     1     482-04
        3       4         2     3     1     843-05
        3       5         2     4     0     ch3_5
        3       6         2     3     0     ch3_6
        3       7         2     2     1     948-01
        3       8         2     2     0     ch3_8
        3       9         2     2     2     479-05
        3      10         2     1     0     ch3_10
        3      11         2     1     1     779-09
        3      12         2     0     0     ch3_12
        3      13         2     0     1     ch3_13

#:::::::::::::::   L A Y E R  3   :::::::::::::::#
#:::::::::::::::     Europa       :::::::::::::::#
        4       2         3     2     0     ch4_2
        4       3         3     1     0     ch4_3
        4       4         3     0     0     ch4_4
        4       5         3     1     1     948-06
        4       6         3     0     1     ch4_6
        4       7         3     2     1     490-03
        4       8         3     0     2     ch4_8
        4       9         3     1     2     778-07
        4      10         3     0     4     ch4_10
        4      11         3     0     3     ch4_11
        4      12         3     1     4     480-04
        4      13         3     1     3     779-08
        4      14         3     2     4     479-03
        5       2         3     2     3     858-08 
        5       3         3     3     4     858-02
        5       4         3     3     3     482-08
        5       5         3     4     4     479-10
        5       6         3     4     3     479-08
        5       7         3     3     2     948-04
        5       8         3     4     2     843-06
        5       9         3     2     2     948-10
        5      10         3     4     1     480-09
        5      11         3     3     1     781-08
        5      12         3     4     0     ch5_12
        5      13         3     3     0     ch5_13

#:::::::::::::::   L A Y E R  4   :::::::::::::::#
#:::::::::::::::       Asia       :::::::::::::::#
        6       2         4     4     2     858-01
        6       3         4     4     1     858-05
        6       4         4     4     0     ch6_4
        6       5         4     3     1     166
        6       6         4     3     0     ch6_6
        6       7         4     3     2     179
        6       8         4     2     0     ch6_8
        6       9         4     2     1     858-09
        6      10         4     0     0     ch6_10
        6      11         4     1     0     ch6_11
        6      12         4     0     1     ch6_12
        6      13         4     1     1     843-04
        6      14         4     0     2     ch6_14
        7       2         4     1     2     482-03
        7       3         4     0     3     ch7_3
        7       4         4     1     3     479-07
        7       5         4     0     4     ch7_5
        7       6         4     1     4     858-04
        7       7         4     2     3     482-10
        7       8         4     2     4     483-02
        7       9         4     2     2     858-06
        7      10         4     3     4     949-08
        7      11         4     3     3     858-03
        7      12         4     4     4     948-05
        7      13         4     4     3     479-01

#:::::::::::::::   L A Y E R  5   :::::::::::::::#
#:::::::::::::::     Oceania      :::::::::::::::#
        8       2         5     2     4     779-03
        8       3         5     3     4     949-07
        8       4         5     4     4     949-05
        8       5         5     3     3     843-02
        8       6         5     4     3     779-02
        8       7         5     2     3     949-06
        8       8         5     4     2     479-02
        8       9         5     3     2     948-07
        8      10         5     4     0     ch8_10
        8      11         5     4     1     949-02
        8      12         5     3     0     ch8_12
        8      13         5     3     1     949-03
        8      14         5     2     0     ch8_14
        9       2         5     2     1     177
        9       3         5     1     0     ch9_3
        9       4         5     1     1     949-04
        9       5         5     0     0     ch9_5
        9       6         5     0     1     ch9_6
        9       7         5     1     2     480-06
        9       8         5     0     2     ch9_8
        9       9         5     2     2     843-01
        9      10         5     0     3     ch9_10
        9      11         5     1     3     480-02
        9      12         5     0     4     ch9_12
        9      13         5     1     4     778-02



