#:::::::    Gain Matching parameters LISA - Shiyan  :::::::
#:::::::             This is for dE/dX              :::::::
#:::::::    | Layer | x | y | slope | intercept |   :::::::

#:::: Layer 1 - America :::::

1   0   0   2   0   
1   0   1   2   0
1   0   2   2   0   
1   0   3   2   0   
1   1   0   2   0
1   1   1   2   0  
1   1   2   2   0   
1   1   3   2   0   
1   2   0   2   0   
1   2   1   2   0
1   2   2   2   0
1   2   3   2   0   
1   3   0   2   0
1   3   1   2   0
1   3   2   2   0
1   3   3   2   0

#:::: Layer 2  - Africa ::::::

2   0   0   1   0   
2   0   1   1   0
2   0   2   1   0   
2   0   3   1   0   
2   1   0   1   0
2   1   1   1   0  
2   1   2   1   0   
2   1   3   1   0   
2   2   0   1   0   
2   2   1   1   0
2   2   2   1   0
2   2   3   1   0   
2   3   0   1   0
2   3   1   1   0
2   3   2   1   0
2   3   3   1   0

#:::: Layer 3  - Europa ::::::

3   0   0   1   0   
3   0   1   1   0
3   0   2   1   0   
3   0   3   1   0   
3   1   0   1   0
3   1   1   1   0  
3   1   2   1   0   
3   1   3   1   0   
3   2   0   1   0   
3   2   1   1   0
3   2   2   1   0
3   2   3   1   0   
3   3   0   1   0
3   3   1   1   0
3   3   2   1   0
3   3   3   1   0

#:::: Layer 4  - Asia ::::::

4   0   0   1   0   
4   0   1   1   0
4   0   2   1   0   
4   0   3   1   0   
4   1   0   1   0
4   1   1   1   0  
4   1   2   1   0   
4   1   3   1   0   
4   2   0   1   0   
4   2   1   1   0
4   2   2   1   0
4   2   3   1   0   
4   3   0   1   0
4   3   1   1   0
4   3   2   1   0
4   3   3   1   0

#:::: Layer 5  - Oceania ::::::

5   0   0   1   0   
5   0   1   1   0
5   0   2   1   0   
5   0   3   1   0   
5   1   0   1   0
5   1   1   1   0  
5   1   2   1   0   
5   1   3   1   0   
5   2   0   1   0   
5   2   1   1   0
5   2   2   1   0
5   2   3   1   0   
5   3   0   1   0
5   3   1   1   0
5   3   2   1   0
5   3   3   1   0