#TIMESHIFTS FATIMA RELATIVE TO DETECTOR 1
#344-778 cascade in 152Eu used, last value a little bad due to few coincidences
1 0
2 -6.77665
3 -8.13106
4 -9.34326
5 -12.1071
6 -11.2218
7 -7.48024
8 -7.56441
9 -6.85815
10 -7.28353
11 -8.03996
12 -6.79627
13 -7.89246
14 -3.67569
15 -3.21551
16 -5.15292
17 -3.24269
18 -4.92993
19 -6.27079
20 -7.37059
21 -4.56939
22 2.38504
23 -3.8568
24 1.33253
25 38.4849
26 35.55
27 37.6496
28 38.6181
29 49.9041
30 48.0086
31 48.2016
32 47.749
33 47.2267
34 50.6273
35 49.3876
36 52.0145
