#timeshifts relative to sci41L
1 0 -243.418
1 1 -244.737
1 2 -248.469
2 0 -241.602
2 1 -252.931
2 2 -236.515
3 0 -244.04
3 1 -247.518
3 2 -242.913
4 0 -228.831
4 1 -247.974
4 2 -241.393
5 0 -254.34
5 1 -224.029
5 2 -259.9
6 0 -246.039
6 1 -218.335
6 2 -250.404
7 0 -233.116
7 1 -237.088
7 2 -228.278
8 0 -232.487
8 1 -249.647
8 2 0
9 0 -240.557
9 1 -253.122
9 2 -247.097
10 0 -246.84
10 1 -234.165
10 2 -247.321
11 0 -250.792
11 1 -251.393
11 2 -258.25
12 0 -248.921
12 1 -245.706
12 2 -250.059
13 0 -252.654
13 1 -248.412
13 2 0
14 0 0
14 1 -230.792
14 2 0
15 0 -237.919
15 1 -228.502
15 2 -235.875
