#cal made on feb 21 2025 a0,a1,a2 J.B. + JEL: updated for the new card
1       0       0.1593197       0.001686015         0.0
1       1       -0.08847969     0.001088466         0.0
1       2       -0.1402589      0.001725245         0.0
2       0       0.3298551       0.001666353         0.0
2       1       1.02967     0.002373114         0.0
2       2       0.3058141       0.001649483         0.0
3       0       0.6587963       0.001945495         0.0
3       1       0.4376142       0.001118198         0.0
3       2       0.4784883       0.00111359          0.0
4       0       0.05178176      0.00109113          0.0
4       1       0.1667759       0.001821913         0.0
4       2       0.257459        0.0008476483            0.0
5       0       -0.2351058      0.002273959         0.0
5       1       -0.02141327     0.001761521         0.0
5       2       -0.04878666     0.001703133         0.0
6       0       0.008766557     0.001682817         0.0
6       1       1.092209        0.001700978         0.0
6       2       0.1936857       0.001710179         0.0
7       0       0.2245328       0.001038761         0.0
7       1       0.2530309       0.00143293          0.0
7       2       0.2289602       0.0004115789            0.0
8       0       0.832965        0.003278401         0.0
8       1       0.07938807      0.001737707         0.0
8       2       0.0     0.001           0.0
9       0 0.26728998080022154 0.0015214080799748776 0.0
9       1 0.35193399797324026 0.0017192695748570726 0.0
9       2 0.08189632549970079 0.0017447530305753172 0.0
10      0 1.111918163958857 0.00262977743781946 0.0
10      1 0.20359334352324301 0.002317998453736273 0.0
10      2 0.04620753544606543 0.0016314706813935784 0.0
11      0 0.4193947594398109 0.0017684115323581833 0.0
11      1 0.7239903512705924 0.002038288912274594 0.0
11      2 -0.03157651978181128 0.0009942963550911344 0.0
12      0 0.2347815608526524 0.0016727550619811114 0.0
12      1 -0.01643663332881486 0.0017344195739792253 0.0
12      2 0.21145843451146992 0.001713980347863763 0.0
13      0       -0.08435597     0.004124665         0.0
13      1       -0.2397929      0.003409538         0.0
13      2       0.0     0.001           0.0
14      0       2.028807        0.00476334          0.0
14      1       0.7480551       0.00370165          0.0
14      2       0.0     0.001           0.0
15  0   1.7303106079393102 0.0034894151010273133    0.0
15  1   0.39975785650839263 0.00367031914644407 0.0
15  2   0.6954080296007389 0.004637549371539906 0.0
