#bPlast TAM ID |bPlast TAM Chan |  Det nr.
#detector mapping:
0   1   0
0   2   1
0   3   2
0   4   3
0   5   4
0   6   5
0   7   6
0   8   7
0   9   8
0   10  9
0   11  10
0   12  11
0   13  12
0   14  13
0   15  14
0   16  15
1   1   16
1   2   17
1   3   18
1   4   19
1   5   20
1   6   21
1   7   22
1   8   23
1   9   24
1   10  25
1   11  26
1   12  27
1   13  28
1   14  29
1   15  30
1   16  31
2   1   32
2   2   33
2   3   34
2   4   35
2   5   36
2   6   37
2   7   38
2   8   39
2   9   40
2   10  41
2   11  42
2   12  43
2   13  44
2   14  45
2   15  46
2   16  47
3   1   48
3   2   49
3   3   50
3   4   51
3   5   52
3   6   53
3   7   54
3   8   55
3   9   56
3   10  57
3   11  58
3   12  59
3   13  60
3   14  61
3   15  62
3   16  63
