#:::::::::::::::::::::::::LISA Mapping - All boards channels::::::::::::::::::::::::
#----------------------------------------------------------------------------------#
#           FEBEXID  FEBEXCHA  LayerID(z)  DiamondID(x) DiamondID(y)    Name
#-----------------------------------------------------------------------------------#

#Front side (xy)

#::: 03 :: 13 :: 23 :: 33 :::
#::: 02 :: 12 :: 22 :: 32 :::
#::: 01 :: 11 :: 21 :: 31 :::
#::: 00 :: 10 :: 20 :: 30 :::

#:::::::::::::::   B O A R D  0   :::::::::::::::#
#:::::::::::::::     America      :::::::::::::::#
        0       0         1     0     0   ch0_0
        0       1         1     1     0   ch0_1 
        0       2         1     2     0   ch0_2 
        0       3         1     3     0   ch0_3 
        0       4         1     0     1   ch0_4 
        0       5         1     1     1   ch0_5   
        0       6         1     2     1   ch0_6 
        0       7         1     3     1   ch0_7 
        0       8         1     0     2   ch0_8 
        0       9         1     1     2   ch0_9 
        0      10         1     2     2   ch0_10
        0      11         1     3     2   ch0_11
        0      12         1     0     3   ch0_12
        0      13         1     1     3   ch0_13
        0      14         1     2     3   ch0_14
        0      15         1     3     3   ch0_15


#:::::::::::::::   B O A R D  1   :::::::::::::::#
#:::::::::::::::     Africa      :::::::::::::::#
        1       0         2     0     0   ch1_0
        1       1         2     1     0   ch1_1  
        1       2         2     2     0   ch1_2 
        1       3         2     3     0   ch1_3 
        1       4         2     0     1   ch1_4 
        1       5         2     1     1   ch1_5 
        1       6         2     2     1   ch1_6 
        1       7         2     3     1   ch1_7 
        1       8         2     0     2   ch1_8 
        1       9         2     1     2   ch1_9 
        1      10         2     2     2   ch1_10
        1      11         2     3     2   ch1_11
        1      12         2     0     3   ch1_12
        1      13         2     1     3   ch1_13
        1      14         2     2     3   ch1_14
        1      15         2     3     3   ch1_15

#:::::::::::::::   B O A R D  2   :::::::::::::::#
#:::::::::::::::      Europa      :::::::::::::::#
        2       0         3     0     0   ch2_0
        2       1         3     1     0   ch2_1  
        2       2         3     2     0   ch2_2 
        2       3         3     3     0   ch2_3 
        2       4         3     0     1   ch2_4 
        2       5         3     1     1   ch2_5  
        2       6         3     2     1   ch2_6 
        2       7         3     3     1   ch2_7 
        2       8         3     0     2   ch2_8 
        2       9         3     1     2   ch2_9 
        2      10         3     2     2   ch2_10
        2      11         3     3     2   ch2_11
        2      12         3     0     3   ch2_12
        2      13         3     1     3   ch2_13
        2      14         3     2     3   ch2_14
        2      15         3     3     3   ch2_15

#:::::::::::::::   B O A R D  3   :::::::::::::::#
#:::::::::::::::       Asia       :::::::::::::::#
        3       0         4     0     0   ch3_0
        3       1         4     1     0   ch3_1 
        3       2         4     2     0   ch3_2  
        3       3         4     3     0   ch3_3  
        3       4         4     0     1   ch3_4  
        3       5         4     1     1   ch3_5    
        3       6         4     2     1   ch3_6  
        3       7         4     3     1   ch3_7  
        3       8         4     0     2   ch3_8  
        3       9         4     1     2   ch3_9  
        3      10         4     2     2   ch3_10  
        3      11         4     3     2   ch3_11  
        3      12         4     0     3   ch3_12  
        3      13         4     1     3   ch3_13   
        3      14         4     2     3   ch3_14  
        3      15         4     3     3   ch3_15  

#:::::::::::::::   B O A R D  4   :::::::::::::::#
#:::::::::::::::       Asia       :::::::::::::::#
        4       0         5     0     0   ch4_0
        4       1         5     1     0   ch4_1  
        4       2         5     2     0   ch4_2  
        4       3         5     3     0   ch4_3  
        4       4         5     0     1   ch4_4  
        4       5         5     1     1   ch4_5    
        4       6         5     2     1   ch4_6  
        4       7         5     3     1   ch4_7  
        4       8         5     0     2   ch4_8  
        4       9         5     1     2   ch4_9  
        4      10         5     2     2   ch4_10 
        4      11         5     3     2   ch4_11 
        4      12         5     0     3   ch4_12 
        4      13         5     1     3   ch4_13  
        4      14         5     2     3   ch4_14 
        4      15         5     3     3   ch4_15 

#:::::::::::::::   B O A R D  5   :::::::::::::::#
#:::::::::::::::       Asia       :::::::::::::::#
        5       0         6     0     0   ch5_0
        5       1         6     1     0   ch5_1 
        5       2         6     2     0   ch5_2 
        5       3         6     3     0   ch5_3 
        5       4         6     0     1   ch5_4 
        5       5         6     1     1   ch5_5   
        5       6         6     2     1   ch5_6 
        5       7         6     3     1   ch5_7 
        5       8         6     0     2   ch5_8 
        5       9         6     1     2   ch5_9 
        5      10         6     2     2   ch5_10
        5      11         6     3     2   ch5_11
        5      12         6     0     3   ch5_12
        5      13         6     1     3   ch5_13 
        5      14         6     2     3   ch5_14
        5      15         6     3     3   ch5_15

#:::::::::::::::   B O A R D  6   :::::::::::::::#
#:::::::::::::::       Asia       :::::::::::::::#
        6       0         7     0     0   ch6_0
        6       1         7     1     0   ch6_1 
        6       2         7     2     0   ch6_2 
        6       3         7     3     0   ch6_3 
        6       4         7     0     1   ch6_4 
        6       5         7     1     1   ch6_5   
        6       6         7     2     1   ch6_6 
        6       7         7     3     1   ch6_7 
        6       8         7     0     2   ch6_8 
        6       9         7     1     2   ch6_9 
        6      10         7     2     2   ch6_10
        6      11         7     3     2   ch6_11
        6      12         7     0     3   ch6_12
        6      13         7     1     3   ch6_13 
        6      14         7     2     3   ch6_14
        6      15         7     3     3   ch6_15

#:::::::::::::::   B O A R D  7   :::::::::::::::#
#:::::::::::::::       Asia       :::::::::::::::#
        7       0         8     0     0   ch7_0
        7       1         8     1     0   ch7_1 
        7       2         8     2     0   ch7_2 
        7       3         8     3     0   ch7_3 
        7       4         8     0     1   ch7_4 
        7       5         8     1     1   ch7_5  
        7       6         8     2     1   ch7_6 
        7       7         8     3     1   ch7_7 
        7       8         8     0     2   ch7_8 
        7       9         8     1     2   ch7_9 
        7      10         8     2     2   ch7_10
        7      11         8     3     2   ch7_11
        7      12         8     0     3   ch7_12
        7      13         8     1     3   ch7_13
        7      14         8     2     3   ch7_14
        7      15         8     3     3   ch7_15

#:::::::::::::::   B O A R D  8   :::::::::::::::#
#:::::::::::::::       Asia       :::::::::::::::#
        8       0         9     0     0   ch8_0
        8       1         9     1     0   ch8_1 
        8       2         9     2     0   ch8_2 
        8       3         9     3     0   ch8_3 
        8       4         9     0     1   ch8_4 
        8       5         9     1     1   ch8_5   
        8       6         9     2     1   ch8_6 
        8       7         9     3     1   ch8_7 
        8       8         9     0     2   ch8_8 
        8       9         9     1     2   ch8_9 
        8      10         9     2     2   ch8_10
        8      11         9     3     2   ch8_11
        8      12         9     0     3   ch8_12
        8      13         9     1     3   ch8_13 
        8      14         9     2     3   ch8_14
        8      15         9     3     3   ch8_15

#:::::::::::::::   B O A R D  9   :::::::::::::::#
#:::::::::::::::       Asia       :::::::::::::::#
        9       0         10     0     0   ch9_0 
        9       1         10     1     0   ch9_1   
        9       2         10     2     0   ch9_2   
        9       3         10     3     0   ch9_3   
        9       4         10     0     1   ch9_4   
        9       5         10     1     1   ch9_5     
        9       6         10     2     1   ch9_6   
        9       7         10     3     1   ch9_7   
        9       8         10     0     2   ch9_8   
        9       9         10     1     2   ch9_9   
        9      10         10     2     2   ch9_10  
        9      11         10     3     2   ch9_11  
        9      12         10     0     3   ch9_12  
        9      13         10     1     3   ch9_13   
        9      14         10     2     3   ch9_14  
        9      15         10     3     3   ch9_15  
