# NOT FINAL --- not adjusted for rotation
#:::::::::::::::::::::::::LISA Mapping - All boards channels::::::::::::::::::::::::
#----------------------------------------------------------------------------------#
#           FEBEXID  FEBEXCHA  LayerID(z)  DiamondID(x) DiamondID(y)    Name
#-----------------------------------------------------------------------------------#

#Front side (xy)

#::: 03 :: 13 :: 23 :: 33 :::
#::: 02 :: 12 :: 22 :: 32 :::
#::: 01 :: 11 :: 21 :: 31 :::
#::: 00 :: 10 :: 20 :: 30 :::

#:::::::::::::::   L A Y E R  1   :::::::::::::::#
#:::::::::::::::     America      :::::::::::::::#
        0       2         1     2     4     ch0_3
        0       3         1     3     4     ch0_4
        0       4         1     4     4     ch0_5
        0       5         1     3     3     ch0_6
        0       6         1     4     3     ch0_7
        0       7         1     2     3     ch0_8
        0       8         1     4     2     ch0_9
        0       9         1     3     2     ch0_10
        0      10         1     4     0     ch0_11
        0      11         1     4     1     ch0_12
        0      12         1     3     0     ch0_13
        0      13         1     3     1     ch0_14
        0      14         1     2     0     ch0_15
        1       2         1     2     1     ch1_3 
        1       3         1     1     0     ch1_4
        1       4         1     1     1     ch1_5
        1       5         1     0     0     ch1_6
        1       6         1     0     1     ch1_7
        1       7         1     1     2     ch1_8
        1       8         1     0     2     ch1_9
        1       9         1     2     2     ch1_10
        1      10         1     0     3     ch1_11
        1      11         1     1     3     ch1_12
        1      12         1     0     4     ch1_13
        1      13         1     1     4     ch1_14

#:::::::::::::::   L A Y E R  2   :::::::::::::::#
#:::::::::::::::     Africa       :::::::::::::::#
        2       2         2     2     4     ch2_3
        2       3         2     3     4     ch2_4
        2       4         2     4     4     ch2_5
        2       5         2     3     3     ch2_6
        2       6         2     4     3     ch2_7
        2       7         2     2     3     ch2_8
        2       8         2     4     2     ch2_9
        2       9         2     3     2     ch2_10
        2      10         2     4     0     ch2_11
        2      11         2     4     1     ch2_12
        2      12         2     3     0     ch2_13
        2      13         2     3     1     ch2_14
        2      14         2     2     0     ch2_15
        3       2         2     2     1     ch3_3 
        3       3         2     1     0     ch3_4
        3       4         2     1     1     ch3_5
        3       5         2     0     0     ch3_6
        3       6         2     0     1     ch3_7
        3       7         2     1     2     ch3_8
        3       8         2     0     2     ch3_9
        3       9         2     2     2     ch3_10
        3      10         2     0     3     ch3_11
        3      11         2     1     3     ch3_12
        3      12         2     0     4     ch3_13
        3      13         2     1     4     ch3_14

#:::::::::::::::   L A Y E R  3   :::::::::::::::#
#:::::::::::::::     Europa       :::::::::::::::#
        4       2         3     2     4     ch4_3
        4       3         3     3     4     ch4_4
        4       4         3     4     4     ch4_5
        4       5         3     3     3     ch4_6
        4       6         3     4     3     ch4_7
        4       7         3     2     3     ch4_8
        4       8         3     4     2     ch4_9
        4       9         3     3     2     ch4_10
        4      10         3     4     0     ch4_11
        4      11         3     4     1     ch4_12
        4      12         3     3     0     ch4_13
        4      13         3     3     1     ch4_14
        4      14         3     2     0     ch4_15
        5       2         3     2     1     ch5_3 
        5       3         3     1     0     ch5_4
        5       4         3     1     1     ch5_5
        5       5         3     0     0     ch5_6
        5       6         3     0     1     ch5_7
        5       7         3     1     2     ch5_8
        5       8         3     0     2     ch5_9
        5       9         3     2     2     ch5_10
        5      10         3     0     3     ch5_11
        5      11         3     1     3     ch5_12
        5      12         3     0     4     ch5_13
        5      13         3     1     4     ch5_14

#:::::::::::::::   L A Y E R  4   :::::::::::::::#
#:::::::::::::::       Asia       :::::::::::::::#
        6       2         4     2     4     ch6_3
        6       3         4     3     4     ch6_4
        6       4         4     4     4     ch6_5
        6       5         4     3     3     ch6_6
        6       6         4     4     3     ch6_7
        6       7         4     2     3     ch6_8
        6       8         4     4     2     ch6_9
        6       9         4     3     2     ch6_10
        6      10         4     4     0     ch6_11
        6      11         4     4     1     ch6_12
        6      12         4     3     0     ch6_13
        6      13         4     3     1     ch6_14
        6      14         4     2     0     ch6_15
        7       2         4     2     1     ch7_3 
        7       3         4     1     0     ch7_4
        7       4         4     1     1     ch7_5
        7       5         4     0     0     ch7_6
        7       6         4     0     1     ch7_7
        7       7         4     1     2     ch7_8
        7       8         4     0     2     ch7_9
        7       9         4     2     2     ch7_10
        7      10         4     0     3     ch7_11
        7      11         4     1     3     ch7_12
        7      12         4     0     4     ch7_13
        7      13         4     1     4     ch7_14

#:::::::::::::::   L A Y E R  5   :::::::::::::::#
#:::::::::::::::     Oceania      :::::::::::::::#
        8       2         5     2     4     ch8_3
        8       3         5     3     4     ch8_4
        8       4         5     4     4     ch8_5
        8       5         5     3     3     ch8_6
        8       6         5     4     3     ch8_7
        8       7         5     2     3     ch8_8
        8       8         5     4     2     ch8_9
        8       9         5     3     2     ch8_10
        8      10         5     4     0     ch8_11
        8      11         5     4     1     ch8_12
        8      12         5     3     0     ch8_13
        8      13         5     3     1     ch8_14
        8      14         5     2     0     ch8_15
        9       2         5     2     1     ch9_3 
        9       3         5     1     0     ch9_4
        9       4         5     1     1     ch9_5
        9       5         5     0     0     ch9_6
        9       6         5     0     1     ch9_7
        9       7         5     1     2     ch9_8
        9       8         5     0     2     ch9_9
        9       9         5     2     2     ch9_10
        9      10         5     0     3     ch9_11
        9      11         5     1     3     ch9_12
        9      12         5     0     4     ch9_13
        9      13         5     1     4     ch9_14



