# TAM ID |Fatima TAM Chan |  Det nr. | crystal
#detector mapping:
0   1   2   0
0   2   2   1
0   3   -1   -1
0   4   11   2
0   5   11   0
0   6   -1  -1
0   7   -1  -1
0   8   11  1
0   9   8   0
0   10  8   1
0   11  8   2
0   12  -1  -1
0   13  -1  -1
0   14  12  0
0   15  12  1
0   16  12  2
1   1   -1  -1
1   2   -1  -1
1   3   -1  -1
1   4   -1  -1
1   5   -1  -1
1   6   -1  -1
1   7   -1  -1
1   8   -1  -1
1   9   -1  -1
1   10  -1  -1
1   11  -1  -1
1   12  -1  -1
1   13  -1  -1
1   14  -1  -1
1   15  -1  -1
1   16  -1  -1
