#                   BB7 Detector Map
#----------------------------------------------------#
#           CRATEID  FEBEXID  FEBEXCH    DET     Side    Strip
# Junction (front strips) -> Side 0; Ohmic (back strips) -> Side 1
#-------------------- BB7 Junction (Front) ---------------------------#
            0    0       0       0       0       0
            0    0       1       0       0       1
            0    0       2       0       0       2
            0    0       3       0       0       3
            0    0       4       0       0       4
            0    0       5       0       0       5
            0    0       6       0       0       6
            0    0       7       0       0       7
            0    0       8       0       0       8
            0    0       9       0       0       9
            0    0       10      0       0       10
            0    0       11      0       0       11
            0    0       12      0       0       12
            0    0       13      0       0       13
            0    0       14      0       0       14
            0    0       15      0       0       15
            0    1       0       0       0       16
            0    1       1       0       0       17
            0    1       2       0       0       18
            0    1       3       0       0       19
            0    1       4       0       0       20
            0    1       5       0       0       21
            0    1       6       0       0       22
            0    1       7       0       0       23
            0    1       8       0       0       24
            0    1       9       0       0       25
            0    1       10      0       0       26
            0    1       11      0       0       27
            0    1       12      0       0       28
            0    1       13      0       0       29
            0    1       14      0       0       30
            0    1       15      0       0       31
#-------------------- BB7 Ohmic (Back) ---------------------------#
	            2       0       0       1       31
                2       1       0       1       30
                2       2       0       1       29
                2       3       0       1       28
                2       4       0       1       27
                2       5       0       1       26
                2       6       0       1       25
                2       7       0       1       24
                2       8       0       1       23
                2       9       0       1       22
                2       10      0       1       21
                2       11      0       1       20
                2       12      0       1       19
                2       13      0       1       18
                2       14      0       1       17
                2       15      0       1       16
	            3       0       0       1       15
                3       1       0       1       14
                3       2       0       1       13
                3       3       0       1       12
                3       4       0       1       11
                3       5       0       1       10
                3       6       0       1       9
                3       7       0       1       8
                3       8       0       1       7
                3       9       0       1       6
                3       10      0       1       5
                3       11      0       1       4
                3       12      0       1       3
                3       13      0       1       2
                3       14      0       1       1
                3       15      0       1       0
=======
#           V785MOD  V785CHA  Side  Strip
# Junction (front strips) -> Side 0; Ohmic (back strips) -> Side 1
#----------------------------------------------------#
#----------------- Additional signals ---------------------#
#SCI 41L
SC41L_D              4       0         0      0 

#Time machine
TimeMachineU              4       1         0      1
TimeMachineD              4       2         0      2
              4       3         -1     -1
#-------------------- BB7 Junction (Front) ---------------------------#
	          11       0          0    1
              11       1          0    2
              11       2          0    3
              11       3          0    4
              11       4          0    5
              11       5          0    6
              11       6          0    7
              11       7          0    8
              11       8          0    9
              11       9          0    10
              11       10         0    11
              11       11         0    12
              11       12         0    13
              11       13         0    14
              11       14         0    15
              11       15         0    16
	      11       16         0    17
              11       17         0    18
              11       18         0    19
              11       19         0    20
              11       20         0    21
              11       21         0    22
              11       22         0    23
              11       23         0    24
              11       24         0    25
              11       25         0    26
              11       26         0    27
              11       27         0    28
              11       28         0    29
              11       29         0    30
              11       30         0    31
              11       31         0    32
#-------------------- BB7 Ohmic (Back) ---------------------------#
	      13       0          1    32
              13       1          1    31
              13       2          1    30
              13       3          1    29
              13       4          1    28
              13       5          1    27
              13       6          1    26
              13       7          1    25
              13       8          1    24
              13       9          1    23
              13       10         1    22
              13       11         1    21
              13       12         1    20
              13       13         1    19
              13       14         1    18
              13       15         1    17
	            13       16         1    16
              13       17         1    15
              13       18         1    14
              13       19         1    13
              13       20         1    12
              13       21         1    11
              13       22         1    10
              13       23         1    9
              13       24         1    8
              13       25         1    7
              13       26         1    6
              13       27         1    5
              13       28         1    4
              13       29         1    3
              13       30         1    2
              13       31         1    1
>>>>>>> BGO
