##                   BB7 Detector Map
## ----------------------------------------------------#
##           VMEID || VMECHA || Detector || Side || Strip
## Junction (front strips) -> Side 0; Ohmic (back strips) -> Side 1
## -------------------- BB7 1000 Ohmic (Back) ---------------------------#
    11       0          0       1    -1
    11       1          0       1    -1
    11       2          0       1    -1
    11       3          0       1    -1
    11       4          0       1    -1
    11       5          0       1    -1
    11       6          0       1    -1
    11       7          0       1    -1
    11       8          0       1    -1
    11       9          0       1    -1
    11       10         0       1    -1
    11       11         0       1    -1
    11       12         0       1    -1
    11       13         0       1    -1
    11       14         0       1    -1
    11       15         0       1    -1
    11       16         0       1    16
    11       17         0       1    15
    11       18         0       1    14
    11       19         0       1    13
    11       20         0       1    12
    11       21         0       1    11
    11       22         0       1    10
    11       23         0       1    9
    11       24         0       1    8
    11       25         0       1    7
    11       26         0       1    6
    11       27         0       1    5
    11       28         0       1    4
    11       29         0       1    3
    11       30         0       1    2
    11       31         0       1    1
#-------------------- BB7 1000 Junction (Front) ---------------------------#
    13       0          0       0    1
    13       1          0       0    2
    13       2          0       0    3
    13       3          0       0    4
    13       4          0       0    5
    13       5          0       0    6
    13       6          0       0    7
    13       7          0       0    8
    13       8          0       0    9
    13       9          0       0    10
    13       10         0       0    11
    13       11         0       0    12
    13       12         0       0    13
    13       13         0       0    14
    13       14         0       0    15
    13       15         0       0    16
    13       16         0       0    17
    13       17         0       0    18
    13       18         0       0    19
    13       19         0       0    20
    13       20         0       0    21
    13       21         0       0    22
    13       22         0       0    23
    13       23         0       0    24
    13       24         0       0    25
    13       25         0       0    26
    13       26         0       0    27
    13       27         0       0    28
    13       28         0       0    29
    13       29         0       0    30
    13       30         0       0    31
    13       31         0       0    32
#-------------------- BB7 1000-8 Ohmic (Back) ---------------------------#
    15       0          1       1    32
    15       1          1       1    31
    15       2          1       1    30
    15       3          1       1    29
    15       4          1       1    28
    15       5          1       1    27
    15       6          1       1    26
    15       7          1       1    25
    15       8          1       1    24
    15       9          1       1    23
    15       10         1       1    22
    15       11         1       1    21
    15       12         1       1    20
    15       13         1       1    19
    15       14         1       1    18
    15       15         1       1    17
    15       16         1       1    16
    15       17         1       1    15
    15       18         1       1    14
    15       19         1       1    13
    15       20         1       1    12
    15       21         1       1    11
    15       22         1       1    10
    15       23         1       1    9
    15       24         1       1    8
    15       25         1       1    7
    15       26         1       1    6
    15       27         1       1    5
    15       28         1       1    4
    15       29         1       1    3
    15       30         1       1    2
    15       31         1       1    1
#-------------------- BB7 1000-8 Junction (Front) ---------------------------#
    17       0          1       0    1
    17       1          1       0    2
    17       2          1       0    3
    17       3          1       0    4
    17       4          1       0    5
    17       5          1       0    6
    17       6          1       0    7
    17       7          1       0    8
    17       8          1       0    9
    17       9          1       0    10
    17       10         1       0    11
    17       11         1       0    12
    17       12         1       0    13
    17       13         1       0    14
    17       14         1       0    15
    17       15         1       0    16
    17       16         1       0    17
    17       17         1       0    18
    17       18         1       0    19
    17       19         1       0    20
    17       20         1       0    21
    17       21         1       0    22
    17       22         1       0    23
    17       23         1       0    24
    17       24         1       0    25
    17       25         1       0    26
    17       26         1       0    27
    17       27         1       0    28
    17       28         1       0    29
    17       29         1       0    30
    17       30         1       0    31
    17       31         1       0    32
