#                   BB7 Detector Map
#----------------------------------------------------#
#           V785MOD  V785CHA  Side  Strip
# Junction (front strips) -> Side 0; Ohmic (back strips) -> Side 1
#----------------------------------------------------#
#----------------- Additional signals ---------------------#
#SCI 41L
SC41L_D              4       0         0      0 

#Time machine
TimeMachineU              4       1         0      1
TimeMachineD              4       2         0      2
              4       3         -1     -1
#-------------------- BB7 Junction (Front) ---------------------------#
	          11       0          0    1
              11       1          0    2
              11       2          0    3
              11       3          0    4
              11       4          0    5
              11       5          0    6
              11       6          0    7
              11       7          0    8
              11       8          0    9
              11       9          0    10
              11       10         0    11
              11       11         0    12
              11       12         0    13
              11       13         0    14
              11       14         0    15
              11       15         0    16
	      11       16         0    17
              11       17         0    18
              11       18         0    19
              11       19         0    20
              11       20         0    21
              11       21         0    22
              11       22         0    23
              11       23         0    24
              11       24         0    25
              11       25         0    26
              11       26         0    27
              11       27         0    28
              11       28         0    29
              11       29         0    30
              11       30         0    31
              11       31         0    32
#-------------------- BB7 Ohmic (Back) ---------------------------#
	      12       0          1    32
              12       1          1    31
              12       2          1    30
              12       3          1    29
              12       4          1    28
              12       5          1    27
              12       6          1    26
              12       7          1    25
              12       8          1    24
              12       9          1    23
              12       10         1    22
              12       11         1    21
              12       12         1    20
              12       13         1    19
              12       14         1    18
              12       15         1    17
	            12       16         1    16
              12       17         1    15
              12       18         1    14
              12       19         1    13
              12       20         1    12
              12       21         1    11
              12       22         1    10
              12       23         1    9
              12       24         1    8
              12       25         1    7
              12       26         1    6
              12       27         1    5
              12       28         1    4
              12       29         1    3
              12       30         1    2
              12       31         1    1