#from 152Eu 17apr   
# a0 a1 a2 a3
1 -2835907.454197694 14051.374411690995 -23.268915464130675 0.012883450997104008
2 -3881924.714385114 19231.20395840531 -31.817298438961558 0.017584976149565352
3 -3644456.2341873697 18039.111868073447 -29.82384734317604 0.01647451003318542
4 -3076838.0284386566 15198.063951932261 -25.084239488875898 0.013839122468496355
5 -3349742.0649640765 16612.097963011656 -27.519264151382313 0.015232905646321673
6 -2089949.848473266 10292.51655406857 -16.950501781771898 0.009340441710401328
7 -1739349.96158781 8559.788562754526 -14.092048770127175 0.0077660855585753715
8 -1718170.606462085 8464.103268239816 -13.950120045373415 0.007697650231417585
9 -1936447.7678240647 9569.088721521564 -15.816788198984405 0.00874965316346419
10 -1498551.86085426 7359.209867680791 -12.097744673974859 0.006662410897369203
11 -2035017.8096404464 10057.873166446943 -16.624868027039952 0.009195204868750896
12 -1355033.3923154688 6666.889986952717 -10.980103713453007 0.006058281858789517
13 -1023692.2554754486 5009.895011747703 -8.217124216009259 0.004521931131516552
14 -14367734.351687822 71977.98153204795 -120.24756829489384 0.0669948522192874
15 -13869698.79314248 69550.8451514908 -116.30291445300236 0.06485691353488
16 -2704823.462006955 13340.918097295375 -21.991729992608143 0.012121144218678735
17 -2623510.6840246944 12925.005106884191 -21.282256933322873 0.011717438318329906
18 -3200994.775928238 15799.724639597895 -26.05211402351955 0.01435560630660288
19 -3036341.734305076 15016.362927873679 -24.812884165092093 0.013703892357200596
20 -2167361.332372558 10660.096562158245 -17.532089796774585 0.009646818455100632
21 -2697368.6477550687 13333.015120701053 -22.024885498016424 0.012164075228331009
22 -2977223.421999194 14783.838823428103 -24.52582361292239 0.013597772564051152
23 -2157431.670067159 10662.074242244522 -17.615118383089744 0.009734060222431298
24 -1915483.0264329037 9448.88145684974 -15.58904935426673 0.008606833646874642
25 -5298172.652393312 26413.618401181513 -43.94325757365279 0.02440045833508744
26 -3523064.500518589 17415.35181947379 -28.755572066889115 0.015864603617325595
27 -2988357.9699766855 14803.17059592503 -24.50529952093916 0.013561653079565507
28 -3547189.268268799 17551.95082713155 -29.010229515028243 0.016021443031635156
29 -11115824.227999823 55603.80954965048 -92.77812130904375 0.051641897508865824
30 -3066685.426232567 15137.903298009407 -24.96458156376882 0.013759714452715894
31 -1346063.3296458477 6561.015615395556 -10.717086290803131 0.005873032320008876
32 -2513457.6912102085 12422.608046458721 -20.519257887582665 0.011332161337630485
33 -1665156.3342405339 8186.793022568099 -13.468516592336124 0.0074199837557192465
34 -2115332.8795198314 10401.685390382632 -17.10204363464558 0.009407405486702443
35 -1712130.8138990588 8419.27876832699 -13.853030757092206 0.007632511244397986
36 -1693673.330030628 8340.627378037187 -13.748384004231493 0.007590976156413314
