#from june 
# a0 a1 a2 a3
1 -56612.5 77.127 0.146756 -0.000192336
2 -74957.4 107.212 0.1985 -0.00027722
3 -88309.1 129.335 0.236382 -0.000339991
4 -76763.1 110.513 0.203707 -0.000286745
5 -54868.6 74.8533 0.142102 -0.000186533
6 -56157.1 77.9044 0.146775 -0.000196748
7 -43322.7 57.8083 0.111152 -0.000141218
8 -50171.6 68.6443 0.130928 -0.00017216
9 -42444.6 55.2478 0.107927 -0.000132599
10 -42586.2 56.4064 0.108969 -0.000137083
11 -47524 63.7449 0.122561 -0.000156963
12 -27003.7 31.5612 0.0659503 -6.86E-05
13 -32076.4 40.4753 0.0805069 -9.42E-05
14 -75583.7 107.699 0.199481 -0.000277392
15 -75610.2 109.046 0.201271 -0.000283869
16 -57788.6 79.9315 0.150332 -0.000201032
17 -59108.1 81.9361 0.153831 -0.000206352
18 -69173.8 98.4856 0.182572 -0.00025343
19 -57800.8 79.51 0.150214 -0.000199439
20 -49582 67.1943 0.127783 -0.000166197
21 -59562.7 82.9788 0.156144 -0.000210627
22 -46338.7 61.5999 0.118975 -0.000150583
23 -50628.5 69.6278 0.132368 -0.000175225
24 -40182.4 52.3733 0.102115 -0.000125635
25 -47471.4 64.4243 0.123306 -0.00016036
26 -74362.9 106.526 0.196898 -0.000275507
27 -56959.6 77.0849 0.147866 -0.000192273
28 -81872.5 118.409 0.218341 -0.000309165
29 -85003.4 122.464 0.226489 -0.000319277
30 -73800.9 106.028 0.196095 -0.000275267
31 -66082.8 92.9468 0.174495 -0.000238356
32 -75579.8 110.26 0.203096 -0.000290377
33 -67525.2 97.26 0.180843 -0.00025424
34 -66834.8 95.6823 0.177789 -0.000248171
35 -67571.9 97.3265 0.180832 -0.000254258
36 -51044.1 69.1142 0.132381 -0.000171826