#Fatima TAM ID |Fatima TAM Chan |  Det nr.
#detectors:
0   1   -1
0   2   1
0   3   2
0   4   3
0   5   4
0   6   -1
0   7   5
0   8   6
0   9   7
0   10  8
0   11  9
0   12  -1
0   13  10
0   14  11
0   15  12
0   16  13

1   1   14
1   2   15
1   3   16
1   4   17
1   5   18
1   6   19
1   7   20
1   8   21
1   9   22
1   10  23
1   11  24
1   12  25
1   13  -1
1   14  -1
1   15  -1
1   16  -1

2   1   26
2   2   27
2   3   28
2   4   29
2   5   -1
2   6   30
2   7   -1
2   8   31
2   9   32
2   10  33
2   11  34
2   12  35
2   13  36
2   14  -1
2   15  -1
2   16  -1

#specials
SC41L_D 3   1   37
SC41R_D 3   2   38
TimeMachineD 3   3   39
TimeMachineU 3   4   40
3   5   -1
3   6   -1
FRS_ACCEPT 3   7   41
BPLAST 3   8   42
3   9   -1
3   10  -1
3   11  -1
3   12  -1
3   13  -1
3   14  -1
3   15  -1
3   16  -1
