00  0   2.99875e-11  -4.07294e-07    1.29132e-01    1.68147e+00
01  0   1.46541e-11  -3.99439e-07    1.30778e-01    2.19673e+00
02  0   1.19752e-12  -3.38601e-07    1.33031e-01    4.38729e+00
03  0   3.42402e-11  -4.43122e-07    1.29695e-01    3.39476e+00
04  0   2.22615e-12  -4.64237e-07    1.31926e-01    2.68292e+00
05  0   1.02469e-11  -1.16364e-07    1.28719e-01    3.45895e+00
06  0   4.53894e-12  -2.15948e-07    1.32110e-01    3.89059e+00
07  0   6.67190e-12  -3.11331e-07    1.30513e-01    3.64427e+00
08  0   2.54560e-11  -5.19569e-07    1.33124e-01    1.90369e+00
09  0   2.60412e-11  -6.23887e-07    1.31974e-01    3.19468e+00
10  0   1.41071e-11  -5.31622e-07    1.32033e-01    3.70475e+00
11  0   1.96261e-11  -1.44486e-07    1.28716e-01    4.40976e+00
12  0   6.01242e-11  -2.87170e-07    1.30901e-01    3.69686e+00
13  0   1.42198e-11  -5.86754e-07    1.32492e-01    3.89431e+00
14  0   1.74669e-11  -3.05903e-07    1.30771e-01    3.86187e+00
15  0   -8.93985e-12 -1.58019e-07    1.26313e-01    2.76445e+00
16  0   .51650e-12   1.50092e-08     1.25564e-01    3.68996e+00
17  0   5.06943e-11  -2.13349e-07    1.24195e-01    3.28636e+00
18  0   -1.92662e-12 -2.46165e-07    1.31371e-01    4.31097e+00
19  0   7.06434e-11  -2.60205e-07    1.24538e-01    3.81796e+00
20  0   3.64910e-11  -8.74002e-07    1.34598e-01    3.73968e+00
21  0   7.45458e-11  -8.84565e-07    1.29789e-01    1.94266e+00
22  0   2.41600e-11  -9.33530e-08    1.28589e-01    3.41885e+00
23  0   2.61234e-11  -2.38765e-07    1.28818e-01    2.52248e+00
24  0   4.05576e-11  -9.58943e-08    1.26531e-01    4.72810e+00
25  0   -1.86620e-12 -2.96094e-07    1.31867e-01    4.55631e+00
26  0   5.75865e-11  -8.99130e-07    1.31486e-01    2.77777e+00
27  0   1.35242e-11  -3.73632e-07    1.27812e-01    1.34228e+00
28  0   1.58454e-11  -7.86276e-08    1.30619e-01    2.34686e+00
29  0   5.30311e-11  -3.96844e-07    1.27805e-01    2.88785e+00
30  0   6.49941e-11  -5.50507e-07    1.27633e-01    2.61890e+00
31  0   2.41559e-11  -4.24741e-07    1.30282e-01    3.08153e+00
32  0   1.41301e-11  -4.18083e-07    1.30017e-01    2.45466e+00
33  0   -1.44834e-11 -1.56133e-07    1.32363e-01    3.13916e+00
34  0   -7.62513e-13 -3.21273e-07    1.31297e-01    2.82277e+00
35  0   1.23729e-11  -3.13755e-07    1.30930e-01    3.23918e+00
36  0   0               0           0               0
37  0   0               0           0               0
38  0   0               0           0               0 
39  0   0               0           0               0 
40  0   0               0           0               0 
41  0   0               0           0               0
42  0   0               0           0               0 
43  0   0               0           0               0
44  0   0               0           0               0  
45  0   0               0           0               0 
46  0   0               0           0               0 
47  0   0               0           0               0 
48  0   0               0           0               0 
49  0   0               0           0               0
