#DetNo.|QDC board|QDC ch.|TDC board|TDC ch.|State|
0     6    0        12        1   1
1     6    1        12        2   1
2     6    2        12        3   1
3     6    3        12        4   1
4     6    4        12        5   1    
5     6    5        12        6   1
6     6    6        12        7   1
7     10    4        12        8   1
8     7    0        12        10   1
9     7    1        12        11   1
10    7    2        12        12   1
11    7    3        12        13   1
12    10    6        12        14   1
13    7    5        12        15   1    
14    7    6        12        16   1
15    7    7        12        17   1
16    8    0        12        18   1
17    8    1        12        19   1
18    8    2        12        20   1
19    8    3        12        21   1
20    8    4        12        22   1
21    8    5        12        25   1 
22    8    6        12        26   1 
23    8    7        12        27   1
24    9    0        12        28   1
25    9    1        12        29   1
26    9    2        12        30   1
27    9    3        12        31   1
28    9    4        12        32   1
29    9    5        13        1    1
30    9    6        13        2    1
31    9    7        13        3    1
32    10   0        13        4    1 
33    10   1        13        5    1
34    10   2        13        6    1
35    10   3        13        7    1
# End of FATIMA VME channels


36    10   8        13        8    1 # occasional random counts here for some reason
37    10   9        13        9    1
38    10   7        13        10   1
39    -1   -1        13        11   1
40    -1   -1       13        12   1
41    -1   -1       13        13   1
42    -1   -1       13        14   1
43    -1   -1       13        15   1
44    -1   -1       13        16   1

# Residual signals start in last 16 channels of TDC 2
                  45    -1   -1       13   17        1
                  46    -1   -1       13   18        1 
SC41R_D           47    -1   -1       13   19        1
                  48    -1   -1       13   20        1 
SC41L_D           49    -1   -1       13   21        1
TimeMachineU      50    -1   -1       13   22        1
TimeMachineD      51    -1   -1       13   23        1
                  52    -1   -1       13   24        1 
                  53    -1   -1       13   25        1
                  54    -1   -1       13   26        1
                  55    -1   -1       13   27        1
                  56    -1   -1       13   28        1
BPLAST_ACCEPT     57    -1   -1       13   29        1 
FRS_ACCEPT        58    -1   -1       13   30        1
                  59    -1   -1       13   31        1
                  60    -1   -1       13   32        1
