# TAM ID |BGO TAM Chan |  Det nr. | crystal
#detector mapping:
0   1   2   0
0   2   -1  -1
0   3   2   1
0   4   -1  -1
0   5   2   2
0   6   -1  -1
0   7   -1  -1
0   8   -1  -1
0   9   4   0
0   10  -1  -1
0   11  4   1
0   12  -1  -1
0   13  -1  -1
0   14  -1  -1
0   15  4   2
0   16  -1  -1
1   1   12  0
1   2   -1  -1
1   3   12  1
1   4   -1  -1
1   5   12  2
1   6   -1  -1
1   7   -1  -1
1   8   -1  -1
1   9   11  0
1   10  -1  -1
1   11  11  1
1   12  -1  -1
1   13  11  2
1   14  -1  -1
1   15  -1  -1
1   16  -1  -1
2   1   8   0
2   2   -1  -1
2   3   8   1
2   4   -1  -1
2   5   8   2
2   6   -1  -1
2   7   -1  -1
2   8   -1  -1
2   9   3   0
2   10  -1  -1
2   11  3   1
2   12  -1  -1
2   13  3   2
2   14  -1  -1
2   15  -1  -1
SC41L_D 2   16  69  0
