#GERMANIUM CALIBRATION COEFFICIENTS FROM 30 MIN 152Eu DATA
#USED 7 peaks from 122 - 1408 keV
13 0    0                       0.001                   0.0
14 0    0                       0.001                   0.0
15 0    0                       0.001                   0.0
16 0    0                       0.001                   0.0
17 0    0                       0.001                   0.0
1  0    0.2868497335870037      0.000956264342936243    0.0
1  1    0.1095917597054296      0.0011897542832892388   0.0
1  2    0.005902181483353842    0.001087588191257871    0.0
2  0    0.14393548630050174     0.00332652669397884     0.0
2  1    0.035575159178222286    0.0017419244222760973   0.0
2  2    0.5639356386238016      0.002187291646683068    0.0
4  0    0                       0.001                   0.0
4  1    0                       0.001                   0.0
4  2    0                       0.001                   0.0
5  0    0                       0.001                   0.0
5  1    0                       0.001                   0.0
5  2    0                       0.001                   0.0
7  0    0.8061292998057329      0.0016504798766172105   0.0
7  1    0.5328797978698594      0.0022917287710699672   0.0
7  2    0.3977248719894533      0.0018293199007616593   0.0
8  0   -0.11716231590605497     0.0023709992573203212   0.0
8  1   -0.18248846955834325     0.0016641788769412703   0.0
8  2    0.06683889869181595     0.0018029012806586124   0.0
9  0    0.16474295315847373     0.001129045400212831    0.0
9  1   -0.360115979163078       0.0010929737563200443   0.0
9  2   -0.15894713552997514     0.0017110308549237437   0.0
10 0    0.11805040305113318     0.0015979164806908365   0.0
10 1    0.43717507431788605     0.0016276158831462966   0.0
10 2    0.059882857517902205    0.0011038373335117905   0.0
11 0    0.08149891078971905     0.0016496458324321928   0.0
11 1    0.10432172739996304     0.00176278638277296     0.0
11 2    0.1849444917654637      0.0016427127392194306   0.0
12 0    0.25212216374497604     0.0010703843087360014   0.0
12 1    0.35347218913959627     0.0016990608625004238   0.0
12 2    0                       0.001                   0.0
