#GERMANIUM TIMESHITFS RELATIVE TO DETECTOR 1A
#FOUND FROM 1332-1173 cascade in 60Co
1 0 0
1 1 2.42629
1 2 -0.95118
2 0 -8.95853
2 1 -1.86122
2 2 -1.36772
3 0 7.58061
3 1 5.64893
3 2 4.70738
4 0 7.35456
4 1 6.54189
4 2 36.9646
5 0 1.23946
5 1 6.1339
5 2 5.16763
6 0 -4.24672
6 1 -4.95862
6 2 -1.0715
7 0 -10.2713
7 1 -3.18249
7 2 6.06782
8 0 -8.89145
8 1 -7.0741
8 2 -5.51327
9 0 -13.8041
9 1 -8.78022
9 2 -8.91062
10 0 -12.3406
10 1 -11.5569
10 2 -14.5151
11 0 0
11 1 -2.98971
11 2 -1.34163
12 0 0.23517
12 1 -7.12829
12 2 6.17891
