FEE	Channel	   Offset	Peaks	       INL	Comment
1	1	   275.811	9	  0.999931	
1	2	   283.022	9	  0.999897	
1	3	  -147.233	10	   0.99999	
1	4	   118.911	9	  0.999952	
1	5	      89.1	10	  0.999961	
1	6	  -116.767	10	   0.99998	
1	7	   105.633	10	  0.999983	
1	8	   15.1667	10	  0.999972	
1	9	   24.9667	10	  0.999972	
1	10	   193.944	9	  0.999983	
1	11	   73.0333	10	  0.999982	
1	12	  -147.789	9	  0.999972	
1	13	     -15.5	10	  0.999982	
1	14	   210.833	10	  0.999994	
1	15	  -111.478	9	  0.999993	
1	16	  -50.9667	10	  0.999985	
1	17	      70.1	10	  0.999982	
1	18	  -59.0333	10	  0.999985	
1	19	      63.5	10	  0.999971	
1	20	  -12.8333	10	  0.999984	
1	21	  -326.767	10	  0.999982	
1	22	      20.7	10	  0.999971	
1	23	    -114.1	10	  0.999987	
1	24	    -212.3	10	  0.999983	
1	25	  -88.8333	10	  0.999981	
1	26	   136.767	10	  0.999976	
1	27	    -252.7	10	  0.999986	
1	28	   29.0333	10	  0.999978	
1	29	   61.1111	9	  0.999989	
#1	30	 FIT FAILED
1	31	   169.167	10	  0.999876	
1	32	  -22.4889	9	   0.99999	
1	33	   116.278	9	  0.999995	
#1	34	 FIT FAILED
#1	35	 FIT FAILED
1	36	     194.1	10	  0.999918	
1	37	   192.233	10	  0.999943	
1	38	   157.967	10	  0.999968	
1	39	     235.3	10	  0.999957	
#1	40	 FIT FAILED
#1	41	 FIT FAILED
1	42	   365.967	10	  0.999898	
#1	43	 FIT FAILED
#1	44	 FIT FAILED
1	45	   294.033	10	  0.999953	
#1	46	 FIT FAILED
#1	47	 FIT FAILED
1	48	  -225.633	10	  0.999969	
1	49	   10.1667	9	  0.999986	
1	50	   56.4333	10	  0.999952	
1	51	     183.1	10	   0.99998	
1	52	  -5.76667	10	  0.999945	
1	53	   327.433	10	  0.999991	
1	54	   79.5444	9	  0.999917	
1	55	   168.733	9	  0.999917	
1	56	     143.7	9	  0.999887	
1	57	   177.833	10	  0.999962	
1	58	     213.7	10	  0.999947	
1	59	       0.9	10	  0.999964	
1	60	  -31.8778	9	  0.999909	
1	61	    -148.9	10	  0.999954	
1	62	      95.3	10	  0.999945	
1	63	   300.611	9	  0.999976	
1	64	   138.167	10	  0.999981	
2	1	  -148.567	10	   0.99993	
2	2	   147.233	9	  0.999924	
2	3	  -162.433	10	  0.999897	
2	4	   15.6333	10	   0.99988	
2	5	  -231.633	10	  0.999945	
2	6	  -17.9667	10	    0.9998	
2	7	  -129.633	10	  0.999869	
2	8	      39.1	10	  0.999859	
2	9	    -128.5	10	  0.999813	
2	10	     -68.3	10	   0.99983	
2	11	  -240.567	10	  0.999878	
2	12	  -238.967	10	  0.999889	
2	13	  -188.633	10	  0.999847	
2	14	      36.5	10	   0.99989	
2	15	  -188.833	10	  0.999863	
2	16	    -105.5	10	  0.999901	
2	17	   11.1667	10	  0.999927	
2	18	  -25.9667	10	  0.999866	
2	19	     -34.3	10	  0.999904	
2	20	   75.9667	10	  0.999884	
2	21	     165.1	10	  0.999833	
2	22	  -130.967	10	  0.999876	
2	23	   59.5667	10	   0.99983	
2	24	  -325.167	10	  0.999834	
2	25	   98.5667	10	  0.999846	
2	26	      19.5	10	  0.999835	
2	27	    -131.5	10	  0.999856	
2	28	    -302.7	10	  0.999894	
2	29	   9.56667	10	  0.999872	
2	30	     -50.9	10	  0.999902	
2	31	     -13.9	10	  0.999914	
2	32	   191.433	10	  0.999947	
2	33	    -185.1	10	  0.999781	
2	34	  -55.7667	10	  0.999856	
2	35	  -250.167	10	  0.999755	
2	36	      99.1	10	  0.999805	
2	37	    -128.5	10	  0.999726	
2	38	   17.7667	10	  0.999713	
2	39	  -316.233	10	  0.999786	
2	40	  -70.1667	10	  0.999667	
2	41	  -148.967	10	  0.999694	
2	42	  -226.833	10	  0.999783	
2	43	  -87.2333	10	  0.999691	
2	44	  -196.033	10	  0.999793	
2	45	  -77.0333	10	   0.99979	
2	46	  -81.3667	10	  0.999825	
2	47	    -143.3	10	  0.999872	
2	48	  -126.233	10	  0.999898	
2	49	   14.9667	10	  0.999891	
2	50	   95.2333	10	  0.999824	
2	51	  -146.967	10	  0.999866	
2	52	  -177.833	10	  0.999926	
2	53	   11.8333	10	  0.999955	
2	54	  -77.7667	10	  0.999813	
2	55	   92.8333	10	   0.99975	
2	56	   26.0333	10	  0.999842	
2	57	  -54.1667	10	  0.999914	
2	58	   204.167	10	   0.99986	
2	59	   45.9667	10	  0.999862	
2	60	  -305.767	10	  0.999834	
2	61	   28.1667	10	  0.999878	
2	62	  -66.7667	10	  0.999897	
2	63	   50.6333	10	  0.999846	
2	64	   41.2333	10	   0.99997	
3	1	  -25.6778	9	  0.999932	
3	2	   255.567	9	  0.999906	
3	3	   94.1667	10	  0.999969	
3	4	  -5.52222	9	  0.999964	
3	5	   64.8333	10	  0.999969	
3	6	      27.3	10	  0.999974	
3	7	  -62.7667	10	  0.999972	
3	8	  -173.567	10	  0.999965	
3	9	   60.7667	10	  0.999957	
3	10	  -1.66667	9	  0.999967	
3	11	     182.5	10	  0.999976	
3	12	  -175.489	9	  0.999962	
3	13	  -55.1667	10	  0.999981	
3	14	     128.5	10	  0.999982	
3	15	  -25.3556	9	  0.999988	
3	16	  -71.5667	10	  0.999991	
3	17	     128.5	10	  0.999993	
3	18	   91.7667	10	  0.999984	
3	19	    -101.1	10	  0.999983	
3	20	  -76.2333	10	  0.999993	
3	21	      37.7	10	  0.999981	
3	22	  -74.3667	10	  0.999981	
3	23	     145.7	10	  0.999986	
3	24	      -0.4	9	  0.999982	
3	25	  -18.6333	10	  0.999991	
3	26	   51.2333	10	  0.999982	
3	27	   18.6333	10	  0.999986	
3	28	   149.033	10	  0.999986	
3	29	   114.744	9	  0.999985	
3	30	  -273.833	10	  0.999984	
3	31	      -9.7	10	  0.999991	
3	32	     106.3	10	  0.999994	
3	33	   39.6111	9	  0.999975	
3	34	  -113.967	10	  0.999988	
3	35	   132.433	10	  0.999986	
3	36	  -31.1667	10	  0.999985	
3	37	   68.2333	10	  0.999988	
3	38	  -116.167	10	  0.999987	
3	39	     -71.9	10	  0.999986	
3	40	  -38.2333	10	  0.999985	
3	41	   104.233	10	  0.999982	
3	42	  -176.433	10	  0.999981	
3	43	     -89.9	10	   0.99998	
3	44	   50.3667	10	  0.999981	
3	45	    -121.3	10	  0.999966	
3	46	   142.567	10	  0.999992	
3	47	   99.5667	10	  0.999985	
3	48	  -108.778	9	  0.999937	
3	49	     -78.1	10	  0.999988	
3	50	   166.233	10	  0.999981	
3	51	   225.767	10	  0.999984	
3	52	   267.233	10	  0.999974	
3	53	   523.433	10	  0.999986	
3	54	  -29.3667	10	   0.99997	
3	55	     114.9	10	   0.99996	
3	56	   223.989	9	  0.999928	
3	57	     262.9	10	   0.99997	
3	58	     173.7	10	  0.999959	
3	59	     -39.1	10	  0.999981	
3	60	   133.433	10	   0.99996	
3	61	  -71.0333	10	  0.999953	
3	62	   52.5667	10	  0.999968	
3	63	      93.9	10	  0.999989	
3	64	   197.367	10	  0.999972	
4	1	      6.25	7	  0.998974	Bad Fit Few Peaks
4	2	   63.6548	8	   0.99994	
4	3	    -146.5	2	         1	Perfect Fit?Few Peaks
4	4	      -128	6	  0.999984	Few Peaks
4	5	     163.8	9	  0.999938	
4	6	   -94.381	8	   0.99991	
4	7	  -209.429	7	  0.999979	Few Peaks
4	8	    -113.5	2	         1	Perfect Fit?Few Peaks
4	9	   -149.31	8	  0.999891	
4	10	  -291.476	8	  0.999894	
4	11	  -95.0556	9	  0.999824	
4	12	   55.2444	9	   0.99988	
4	13	    -128.6	9	  0.999854	
4	14	  -190.033	9	  0.999863	
4	15	      36.3	10	  0.999827	
4	16	  -57.3271	8	  0.999906	
4	17	  -485.367	10	  0.999903	
4	18	  -95.0333	10	  0.999854	
4	19	   359.833	10	  0.999879	
4	20	  -29.8333	10	  0.999844	
4	21	     202.3	10	  0.999778	
4	22	    -192.3	10	  0.999849	
4	23	   95.5667	10	  0.999814	
4	24	  -123.233	10	  0.999821	
4	25	   245.633	10	  0.999848	
4	26	   85.1667	10	  0.999844	
4	27	  -38.0333	10	  0.999812	
4	28	     -59.3	10	  0.999854	
4	29	  -341.033	10	  0.999847	
4	30	  -266.967	10	  0.999849	
4	31	     131.5	10	  0.999894	
4	32	  -138.633	10	  0.999917	
4	33	  -49.8333	10	  0.999808	
4	34	   217.767	10	  0.999888	
4	35	  -153.833	10	   0.99973	
4	36	    -116.7	10	  0.999801	
4	37	  -129.567	10	  0.999804	
4	38	   20.8333	10	  0.999783	
4	39	     -84.5	10	  0.999827	
4	40	  -325.633	10	  0.999693	
4	41	  -113.167	10	  0.999764	
4	42	  -55.6333	10	   0.99982	
4	43	      11.1	10	  0.999763	
4	44	   80.6333	10	  0.999859	
4	45	  0.766667	10	  0.999796	
4	46	   74.9667	10	  0.999868	
4	47	   66.1667	10	  0.999908	
4	48	     -39.7	10	  0.999924	
4	49	     -44.9	10	  0.999822	
4	50	  -33.9667	10	   0.99977	
4	51	   136.767	10	  0.999818	
4	52	  -88.5667	10	  0.999896	
4	53	  -189.367	10	  0.999946	
4	54	    -300.7	10	  0.999735	
4	55	      22.5	10	  0.999683	
4	56	   -51.675	8	   0.99982	
4	57	  -205.833	10	    0.9999	
4	58	     -32.7	10	  0.999823	
4	59	  -45.2333	10	  0.999815	
4	60	  -592.967	10	  0.999788	
4	61	   40.2333	10	  0.999851	
4	62	  -157.233	10	  0.999876	
4	63	  -29.8333	10	  0.999742	
4	64	  -227.833	10	  0.999961	
5	1	     -25.1	10	  0.999903	
5	2	   76.1778	9	  0.999918	
5	3	   32.7667	10	  0.999987	
5	4	      81.5	10	  0.999979	
5	5	   190.433	10	  0.999946	
5	6	   239.967	10	  0.999982	
5	7	   154.233	10	  0.999993	
5	8	   34.6333	10	  0.999977	
5	9	   52.9667	10	  0.999989	
5	10	  -62.4333	10	  0.999981	
5	11	   127.433	10	  0.999992	
5	12	  -202.033	10	  0.999994	
5	13	   24.9667	10	  0.999973	
5	14	   203.633	10	  0.999989	
5	15	     120.3	10	  0.999931	
5	16	    -207.7	10	  0.999956	
5	17	    -203.9	10	  0.999982	
5	18	   60.6333	10	  0.999912	
5	19	    -101.3	10	  0.999978	
5	20	  -88.6333	10	  0.999965	
5	21	  -63.1667	10	  0.999919	
5	22	  -6.23333	10	  0.999993	
5	23	    -161.7	10	  0.999987	
5	24	   159.433	10	   0.99998	
5	25	   85.0333	10	  0.999961	
5	26	       0.9	10	  0.999975	
5	27	  -320.833	10	  0.999854	
5	28	   50.7667	10	  0.999987	
5	29	  -225.367	10	  0.999821	
5	30	  -49.7667	10	  0.999985	
5	31	       4.1	10	  0.999919	
5	32	     -49.9	10	  0.999952	
5	33	     -23.1	10	  0.999989	
5	34	   113.233	10	  0.999995	
5	35	    -334.5	10	  0.999913	
5	36	    -280.1	10	  0.999988	
5	37	       8.1	10	  0.999984	
5	38	    -133.7	10	   0.99997	
5	39	  -28.3667	10	  0.999983	
5	40	   94.7667	10	  0.999959	
5	41	      61.5	10	  0.999955	
5	42	  -83.4333	10	  0.999992	
5	43	   186.833	10	  0.999973	
5	44	  -199.233	10	  0.999989	
5	45	   37.5667	10	  0.999968	
5	46	     -46.1	10	  0.999976	
5	47	  -141.233	10	  0.999986	
5	48	      67.9	10	  0.999955	
5	49	    -231.3	10	  0.999979	
5	50	  -220.833	10	  0.999986	
5	51	    -227.7	10	  0.999978	
5	52	  -176.367	10	  0.999976	
5	53	     -27.5	10	  0.999978	
5	54	  -420.233	10	  0.999885	
5	55	  -331.767	10	  0.999878	
5	56	  -10.1556	9	  0.999908	
5	57	  -34.9667	10	  0.999959	
5	58	    -128.9	10	  0.999975	
5	59	  -35.3667	10	  0.999991	
5	60	  -110.633	10	   0.99993	
5	61	  -216.433	10	  0.999908	
5	62	    -110.3	10	  0.999984	
5	63	  -308.767	10	  0.999918	
5	64	  -52.4333	10	  0.999975	
6	1	   229.357	3	    0.9997	Few Peaks
6	2	   77.3969	5	  0.999939	Few Peaks
6	3	   96.6556	9	  0.999889	
6	4	  -86.8222	9	  0.999876	
6	5	  -52.8046	6	  0.988356	Bad Fit Few Peaks
6	6	  -150.433	9	  0.999816	
6	7	  -148.867	9	  0.999843	
6	8	  -233.411	9	  0.999849	
6	9	  -69.9667	10	  0.999799	
6	10	  -225.622	9	  0.999837	
6	11	   37.1667	10	  0.999843	
6	12	    280.63	8	  0.999882	
6	13	    -214.5	10	  0.999839	
6	14	  -175.367	10	  0.999868	
6	15	  -45.7667	10	  0.999872	
6	16	  -283.967	10	  0.999879	
6	17	  -26.3667	10	  0.999908	
6	18	  -234.967	10	  0.999881	
6	19	   125.767	10	  0.999884	
6	20	   279.167	10	  0.999874	
6	21	  -238.433	10	  0.999808	
6	22	   160.767	10	   0.99986	
6	23	   240.233	10	  0.999832	
6	24	  -6.63333	10	  0.999813	
6	25	   186.433	10	  0.999824	
6	26	   151.033	10	   0.99981	
6	27	  -203.367	10	  0.999822	
6	28	   43.7667	10	  0.999875	
6	29	     148.7	10	  0.999858	
6	30	  -38.8333	10	  0.999866	
6	31	  -87.1667	10	  0.999915	
6	32	     185.7	10	  0.999926	
6	33	  -71.2333	10	  0.999848	
6	34	  -183.567	10	  0.999904	
6	35	    -188.3	10	  0.999788	
6	36	  -77.5667	10	  0.999867	
6	37	     180.1	10	  0.999817	
6	38	  -46.7667	10	  0.999802	
6	39	    -126.1	10	  0.999831	
6	40	  -364.967	10	  0.999784	
6	41	  -136.567	10	  0.999846	
6	42	  -3.23333	10	  0.999839	
6	43	  -285.233	10	  0.999836	
6	44	    -147.9	10	  0.999874	
6	45	     -18.5	10	  0.999871	
6	46	   47.7667	10	  0.999889	
6	47	  -26.3667	10	  0.999897	
6	48	    -109.1	10	  0.999941	
6	49	  -141.033	10	  0.999856	
6	50	  -72.7667	10	  0.999826	
6	51	  -304.833	10	  0.999829	
6	52	  -39.2333	10	  0.999922	
6	53	  -92.6333	10	  0.999954	
6	54	    -341.7	10	   0.99979	
6	55	  -281.233	10	  0.999711	
6	56	   112.778	9	  0.999872	
6	57	      67.3	10	  0.999905	
6	58	   86.5667	10	  0.999856	
6	59	      43.9	10	  0.999869	
6	60	  -245.167	10	  0.999835	
6	61	  -297.367	10	  0.999881	
6	62	    -196.9	10	  0.999899	
6	63	  -203.033	10	  0.999839	
6	64	      23.5	10	  0.999965	
7	1	  -166.967	10	  0.999928	
7	2	   281.767	10	  0.998878	Bad Fit 
7	3	  -8.16667	10	  0.999983	
7	4	   143.233	10	  0.999961	
7	5	  -1.03333	10	  0.999899	
7	6	  -128.967	10	  0.999985	
7	7	  -9.76667	10	  0.999967	
7	8	      19.7	10	  0.999954	
7	9	   58.7667	10	  0.999972	
7	10	     195.1	10	  0.999986	
7	11	  -208.033	10	  0.999981	
7	12	   167.033	10	   0.99998	
7	13	  -71.1667	10	  0.999984	
7	14	    -134.1	10	  0.999984	
7	15	      44.5	10	  0.999945	
7	16	  -68.5667	10	  0.999907	
7	17	   94.7667	10	  0.999985	
7	18	   114.167	10	  0.999969	
7	19	  -23.3667	10	  0.999985	
7	20	  -106.767	10	  0.999981	
7	21	   92.2333	10	  0.999901	
7	22	   170.367	10	  0.999983	
7	23	   58.3667	10	   0.99999	
7	24	  -17.1667	10	  0.999966	
7	25	  -21.8333	10	  0.999987	
7	26	  -20.9333	9	  0.999991	
7	27	       3.7	10	  0.999962	
7	28	     -13.7	10	   0.99999	
7	29	   85.4333	10	  0.999958	
7	30	   172.833	10	   0.99998	
7	31	  -53.7667	10	   0.99999	
7	32	     108.7	10	  0.999971	
7	33	  -301.767	10	  0.999978	
7	34	     207.9	10	  0.999986	
7	35	   27.9444	9	  0.999952	
7	36	   141.167	10	  0.999979	
7	37	   56.2333	10	  0.999981	
7	38	  -158.633	10	  0.999918	
7	39	  -131.567	10	  0.999972	
7	40	     248.7	10	  0.999955	
7	41	  -84.4222	9	  0.999979	
7	42	      46.7	10	  0.999971	
7	43	   17.2222	9	  0.999979	
7	44	   469.767	10	  0.999984	
7	45	      -6.3	10	  0.999974	
7	46	  -172.167	10	  0.999971	
7	47	    -205.3	10	  0.999962	
7	48	     -55.7	10	  0.999915	
7	49	   165.967	10	   0.99999	
7	50	  -41.8333	10	   0.99999	
7	51	  -23.2333	10	  0.999983	
7	52	   228.033	10	  0.999952	
7	53	   340.967	10	  0.999973	
7	54	      89.9	10	  0.999667	
7	55	   199.367	10	  0.999883	
7	56	     302.5	10	  0.999848	
7	57	   20.3667	10	   0.99991	
7	58	   245.433	10	  0.999943	
7	59	      38.7	10	  0.999983	
7	60	  -173.367	10	  0.999941	
7	61	       6.7	10	   0.99993	
7	62	   83.7667	10	  0.999959	
7	63	     191.5	10	  0.999975	
7	64	   90.8333	10	  0.999939	
8	1	   141.367	10	  0.999923	
8	2	     -48.3	9	  0.999897	
8	3	    -146.7	10	   0.99985	
8	4	    -221.5	10	   0.99988	
8	5	   65.9667	10	  0.999929	
8	6	  -58.2333	10	  0.999809	
8	7	   6.96667	10	  0.999842	
8	8	     -50.9	10	  0.999851	
8	9	  -296.833	10	  0.999813	
8	10	  -73.1667	10	  0.999802	
8	11	  -87.9667	10	  0.999831	
8	12	  -74.8333	10	  0.999851	
8	13	  -204.967	10	  0.999855	
8	14	  -3.83333	10	  0.999887	
8	15	    -200.3	10	  0.999886	
8	16	   22.8333	10	  0.999873	
8	17	     -48.5	10	  0.999917	
8	18	  -302.433	10	  0.999864	
8	19	     -51.1	10	  0.999887	
8	20	   132.967	10	  0.999872	
8	21	  -275.433	10	  0.999819	
8	22	   28.1667	10	  0.999857	
8	23	  -21.1667	10	  0.999807	
8	24	    -121.7	10	  0.999794	
8	25	  -224.367	10	  0.999839	
8	26	  -41.1667	10	  0.999846	
8	27	   86.1667	10	  0.999821	
8	28	     -48.3	10	  0.999866	
8	29	      35.9	10	  0.999875	
8	30	  -71.0556	9	  0.999895	
8	31	     158.3	10	   0.99991	
8	32	    -189.7	10	  0.999923	
8	33	   66.7791	5	  0.999955	Few Peaks
8	34	    -304.2	9	  0.999888	
8	35	  -1.36667	9	   0.99984	
8	36	     -79.7	10	  0.999836	
8	37	  -249.526	5	  0.971379	Bad Fit Few Peaks
8	38	  -33.3556	9	  0.999804	
8	39	   41.1463	7	  0.999814	Few Peaks
8	40	  -159.344	9	  0.999769	
8	41	     -20.5	7	  0.999813	Few Peaks
8	42	  -15.4324	8	  0.999544	
8	43	  -234.444	9	  0.999798	
8	44	   350.644	9	  0.999289	
8	45	  -80.9124	6	  0.999889	Few Peaks
8	46	   615.926	5	   0.97744	Bad Fit Few Peaks
8	47	   52.9754	7	  0.999936	Few Peaks
8	48	   91.7808	7	  0.999944	Few Peaks
8	49	  -340.595	6	  0.999242	Few Peaks
8	50	   125.129	4	  0.999944	Few Peaks
8	51	  -26.6304	7	  0.999884	Few Peaks
8	52	     273.5	5	  0.992268	Bad Fit Few Peaks
8	53	    70.217	8	  0.999959	
8	54	  -13.2143	7	  0.999903	Few Peaks
8	55	   41.6926	7	   0.99983	Few Peaks
8	56	     -14.5	2	         1	Perfect Fit?Few Peaks
8	57	       -35	6	   0.99999	Few Peaks
8	58	      80.5	7	  0.988279	Bad Fit Few Peaks
8	59	  -11.5357	7	  0.999981	Few Peaks
8	60	   235.786	8	  0.999945	
8	61	  -352.964	7	  0.999965	Few Peaks
8	62	   1463.17	3	  0.999957	Few PeaksHigh Offset
8	63	  -292.034	6	  0.999986	Few Peaks
8	64	   106.833	3	   0.99999	Few Peaks
9	1	     -15.5	10	  0.999953	
9	2	   121.567	10	  0.999831	
9	3	    -226.3	10	  0.999974	
9	4	     -77.3	10	   0.99996	
9	5	   74.5667	10	  0.999925	
9	6	   265.367	10	  0.999975	
9	7	     187.5	10	  0.999962	
9	8	  -153.767	10	  0.999975	
9	9	  -26.6333	10	   0.99998	
9	10	      -8.3	10	  0.999983	
9	11	     -72.7	10	   0.99997	
9	12	  -71.8333	10	  0.999984	
9	13	   61.9667	10	  0.999978	
9	14	   8.83333	10	  0.999982	
9	15	  -50.4333	10	  0.999944	
9	16	  -15.7667	10	  0.999947	
9	17	   129.433	9	  0.999999	
9	18	   12.1778	9	  0.999919	
9	19	   123.711	9	  0.999998	
9	20	  -110.789	9	   0.99999	
9	21	   99.9333	9	   0.99999	
9	22	  -361.033	9	  0.999996	
9	23	  -72.3444	9	   0.99999	
9	24	  -97.6667	9	  0.999919	
9	25	  -76.9667	9	  0.999992	
9	26	  -239.789	9	  0.999996	
9	27	  -227.578	9	  0.999936	
9	28	  -207.244	9	  0.999998	
9	29	    -196.7	9	  0.999982	
9	30	   88.1444	9	  0.999984	
9	31	   115.567	9	   0.99999	
9	32	  -77.3889	9	  0.999942	
9	33	   58.4333	10	  0.999986	
9	34	      91.1	10	   0.99999	
9	35	      -227	9	  0.999982	
9	36	      -1.7	10	  0.999981	
9	37	  -158.433	10	  0.999992	
9	38	   272.033	10	  0.999975	
9	39	   330.367	10	  0.999975	
9	40	   20.2333	10	  0.999976	
9	41	  -35.3667	10	  0.999981	
9	42	   30.8333	10	  0.999977	
9	43	   119.367	10	  0.999983	
9	44	   70.9667	10	  0.999976	
9	45	  -14.3667	10	  0.999977	
9	46	  -71.5667	10	  0.999983	
9	47	     108.7	10	  0.999977	
9	48	   191.367	10	  0.999945	
9	49	     139.5	10	  0.999991	
9	50	   26.1667	10	  0.999994	
9	51	   102.767	10	  0.999988	
9	52	     103.9	10	  0.999959	
9	53	   74.9667	10	  0.999975	
9	54	   79.8333	10	  0.999955	
9	55	  -146.081	8	  0.999958	
9	56	  -29.9162	8	  0.999875	
9	57	   50.7667	10	  0.999936	
9	58	   -105.44	4	  0.999992	Few Peaks
9	60	  -32.3667	10	   0.99996	
9	61	   106.233	10	  0.999948	
9	62	   185.029	9	  0.997168	Bad Fit 
9	63	    -324.1	10	  0.999953	
9	64	  -233.967	10	  0.999971	
10	1	   531.566	8	  0.970719	Bad Fit 
10	2	   634.457	5	  0.976284	Bad Fit Few Peaks
10	3	   60.6136	8	  0.990827	Bad Fit 
10	4	   410.283	9	  0.989424	Bad Fit 
10	5	  -430.156	8	  0.992747	Bad Fit 
10	6	   136.889	8	  0.999417	
10	7	    -103.8	9	   0.99973	
10	8	   168.567	9	  0.999906	
10	9	   243.567	10	  0.998473	Bad Fit 
10	10	   84.8355	7	  0.999336	Few Peaks
10	11	   37.8534	8	  0.999962	
10	12	   102.462	8	  0.999867	
10	13	   117.989	9	  0.999979	
10	14	   309.767	9	  0.999983	
10	15	  -42.5556	9	   0.99996	
10	16	     -13.4	9	  0.999955	
10	17	     -54.7	9	  0.999967	
10	18	  -64.2556	9	  0.999985	
10	19	      93.9	10	  0.999564	
10	20	   9.91353	8	  0.999895	
10	21	     171.7	10	  0.999291	
10	22	   173.778	9	  0.999909	
10	23	  -83.3556	9	  0.999984	
10	24	  -124.333	8	  0.999781	
10	25	     -26.9	9	  0.999905	
10	26	   236.929	8	  0.999798	
10	27	  -43.4778	9	  0.999954	
10	28	   90.9444	9	  0.999985	
10	29	  -27.4667	9	  0.999979	
10	30	  -16.9222	9	  0.999993	
10	31	      34.7	9	  0.999995	
10	32	  -138.667	9	  0.999972	
10	33	     108.4	9	  0.999986	
10	34	   5.03333	10	  0.999982	
10	35	  -218.633	9	  0.999979	
10	36	  -19.3667	10	  0.999959	
10	37	     -78.9	10	  0.999988	
10	38	      95.5	9	  0.999986	
10	39	     122.3	10	  0.999965	
10	40	   149.289	9	  0.999969	
10	41	     -15.7	10	  0.999974	
10	42	   82.5667	10	  0.999971	
10	43	  -65.1667	10	  0.999941	
10	44	  -40.4333	10	  0.999964	
10	45	     -70.7	10	  0.999948	
10	46	   97.6333	10	   0.99997	
10	47	  -99.8333	10	  0.999972	
10	48	  -166.633	10	  0.999913	
10	49	    -142.5	10	   0.99998	
10	50	   233.033	10	  0.999991	
10	51	     203.7	10	  0.999984	
10	52	     206.3	10	  0.999964	
10	53	      -5.3	10	  0.999977	
10	54	     -75.9	10	  0.999906	
10	55	  -285.367	10	  0.999872	
10	56	   510.222	9	  0.999794	
10	57	   336.167	10	   0.99995	
10	58	     188.3	10	  0.999971	
10	59	  -129.567	10	  0.999978	
10	60	  -18.9667	10	  0.999901	
10	61	     -32.7	10	   0.99993	
10	62	   72.2333	10	  0.999972	
10	63	  -88.6333	10	  0.999968	
10	64	  -109.967	10	  0.999968	
11	1	   46.6333	10	  0.999933	
11	2	   117.089	9	  0.999514	
11	3	   157.767	10	  0.999984	
11	4	  -186.967	10	  0.999953	
11	5	      64.5	10	  0.999922	
11	6	  -75.8333	10	  0.999954	
11	7	  -157.433	10	  0.999986	
11	8	     -54.5	10	  0.999972	
11	9	  -204.633	10	  0.999981	
11	10	  -26.6333	10	  0.999968	
11	11	  -86.1667	10	  0.999974	
11	12	  -51.4333	10	  0.999986	
11	13	  -1.96667	10	  0.999933	
11	14	  -139.233	10	  0.999983	
11	15	    -302.3	10	   0.99993	
11	16	  -113.367	10	  0.999951	
11	17	  -155.233	10	  0.999994	
11	18	   51.1667	10	  0.999967	
11	19	     -50.7	10	   0.99997	
11	20	      32.9	10	  0.999985	
11	21	   34.2333	10	  0.999957	
11	22	   51.5667	10	  0.999992	
11	23	   45.1667	10	  0.999984	
11	24	  -14.0333	10	  0.999961	
11	25	   64.6333	10	  0.999984	
11	26	     138.3	10	  0.999972	
11	27	  -4.96667	10	  0.999923	
11	28	   207.567	10	  0.999992	
11	29	     195.9	10	   0.99997	
11	30	   47.3667	10	  0.999984	
11	31	     146.9	10	   0.99998	
11	32	   83.4333	10	  0.999898	
11	33	  -41.4333	10	  0.999968	
11	34	   75.7667	10	  0.999951	
11	35	  -204.633	10	  0.999961	
11	36	   85.1667	10	  0.999982	
11	37	   24.5667	10	  0.999981	
11	38	   149.883	9	  0.975959	Bad Fit 
11	39	     136.3	10	  0.999936	
11	40	   181.167	10	  0.999935	
11	41	      37.1	10	  0.999991	
11	42	      36.1	10	  0.999981	
11	43	  -1.63333	10	  0.999973	
11	44	     150.7	10	  0.999952	
11	45	    -162.1	10	  0.999914	
11	46	  -118.167	10	  0.999988	
11	47	      58.1	10	  0.999969	
11	48	   11.7778	9	  0.999811	
11	49	  -88.4333	10	  0.999818	
11	50	   110.056	9	  0.999721	
11	51	  -4.33333	9	  0.999839	
11	52	  -53.4333	10	  0.999887	
11	53	     135.9	10	  0.999937	
11	54	    -291.3	9	  0.999718	
11	55	  -139.622	9	  0.999715	
11	56	   349.633	10	  0.999185	
11	57	     214.9	10	  0.999926	
11	58	  -17.5667	10	  0.999964	
11	59	   144.833	10	  0.999976	
11	60	  -74.3778	9	  0.999956	
11	61	  -177.967	10	  0.999886	
11	62	   37.8778	9	   0.99997	
11	63	  -160.389	9	  0.999979	
11	64	   35.3667	10	  0.999949	
12	1	   78.3667	10	  0.999913	
12	2	  -86.3667	10	  0.999913	
12	3	  -60.7667	10	  0.999973	
12	4	    -272.7	10	  0.999978	
12	5	   41.0333	10	  0.999935	
12	6	    -193.1	10	  0.999987	
12	7	      25.9	10	  0.999987	
12	8	  -3.63333	10	  0.999979	
12	9	  -33.1667	10	  0.999989	
12	10	  -1.16667	10	  0.999973	
12	11	   51.5667	10	  0.999989	
12	12	   204.433	10	   0.99999	
12	13	    -278.9	10	  0.999964	
12	14	  -244.767	10	   0.99999	
12	15	  -15.3667	10	  0.999956	
12	16	  -90.3667	10	  0.999921	
12	17	   213.833	10	  0.999989	
12	18	  -91.6333	10	  0.999879	
12	19	   52.2333	10	  0.999984	
12	20	   351.033	10	  0.999962	
12	21	    -108.7	10	  0.999941	
12	22	   5.83333	10	  0.999988	
12	23	   110.967	10	  0.999973	
12	24	     -19.1	10	  0.999954	
12	25	     226.3	10	  0.999984	
12	26	   161.233	10	  0.999993	
12	27	  -72.5667	10	  0.999931	
12	28	   100.967	10	  0.999996	
12	29	  -210.767	10	  0.999914	
12	30	   13.0333	10	  0.999949	
12	31	  -360.367	10	  0.999904	
12	32	  -142.233	10	  0.999934	
12	33	   341.633	10	  0.999992	
12	34	   76.2333	10	  0.999989	
12	35	   84.1667	10	  0.999985	
12	36	     157.5	10	  0.999981	
12	37	  -80.7667	10	  0.999976	
12	38	    -134.3	10	  0.999981	
12	39	     117.5	10	  0.999981	
12	40	   32.2333	10	   0.99998	
12	41	      -6.7	10	  0.999979	
12	42	  -26.7667	10	  0.999984	
12	43	  -65.0333	10	  0.999978	
12	44	     -15.5	10	  0.999983	
12	45	   28.3667	10	  0.999958	
12	46	     -27.5	10	  0.999978	
12	47	    -112.1	10	   0.99998	
12	48	   243.567	10	  0.999957	
12	49	     -49.5	10	   0.99996	
12	50	  -27.8333	10	  0.999971	
12	51	      76.9	10	  0.999982	
12	52	    -188.9	10	  0.999982	
12	53	   420.833	10	  0.999981	
12	54	     -92.3	10	  0.999913	
12	55	   14.6333	10	  0.999935	
12	56	   8.81111	9	  0.999908	
12	57	     175.1	10	  0.999965	
12	58	   36.5667	10	  0.999976	
12	59	     265.5	10	  0.999987	
12	60	  -12.1667	10	  0.999923	
12	61	     -43.5	10	   0.99995	
12	62	   50.9667	10	  0.999986	
12	63	  -255.767	10	  0.999961	
12	64	   423.433	10	  0.999978	
13	1	  -126.967	10	  0.999899	
13	2	   175.233	10	  0.998941	Bad Fit 
13	3	  -250.767	10	  0.999993	
13	4	  -79.7667	10	  0.999952	
13	5	     181.5	10	  0.999921	
13	6	     -23.3	10	  0.999988	
13	7	    -228.7	10	   0.99999	
13	8	      53.7	10	  0.999986	
13	9	   51.2333	10	  0.999981	
13	10	   157.367	10	  0.999977	
13	11	  -24.6333	10	  0.999993	
13	12	  -263.633	10	  0.999979	
13	13	    -128.9	10	  0.999943	
13	14	      20.5	10	  0.999982	
13	15	   198.367	10	  0.999924	
13	16	  -51.7667	10	  0.999929	
13	17	   277.433	10	  0.999991	
13	18	  -81.4333	10	  0.999832	
13	19	   119.967	10	  0.999973	
13	20	  -95.3667	10	  0.999956	
13	21	    -190.9	10	  0.999912	
13	22	  -107.167	10	  0.999981	
13	23	  -19.3667	10	  0.999977	
13	24	     291.3	10	  0.999969	
13	25	   47.6333	10	  0.999989	
13	26	   13.1667	10	  0.999968	
13	27	   153.167	10	  0.999881	
13	28	   46.1667	10	  0.999995	
13	29	     -51.5	10	  0.999941	
13	30	  -86.4333	10	  0.999941	
13	31	      79.7	10	  0.999942	
13	32	  -4.03333	10	  0.999896	
13	33	   61.3667	10	  0.999978	
13	34	   75.0333	10	  0.999992	
13	35	   79.1667	10	  0.999951	
13	36	   258.967	10	  0.999964	
13	37	   17.4333	10	  0.999991	
13	38	   287.233	10	  0.999968	
13	39	     146.7	10	  0.999972	
13	40	      75.9	10	  0.999968	
13	41	  -28.9667	10	  0.999978	
13	42	   15.5667	10	  0.999972	
13	43	    -111.5	10	  0.999981	
13	44	    -101.9	10	  0.999948	
13	45	     -57.9	10	  0.999953	
13	46	      71.7	10	  0.999993	
13	47	   173.767	10	   0.99998	
13	48	   3.96667	10	  0.999965	
13	49	     -37.3	10	  0.999968	
13	51	   21.5667	10	  0.999951	
13	52	   72.4333	10	  0.999955	
13	53	     168.3	10	  0.999971	
13	54	    -190.7	10	  0.999726	
13	55	  -261.633	10	  0.999852	
13	57	   243.967	10	  0.999927	
13	58	    -164.5	10	   0.99997	
13	59	   165.367	10	  0.999916	
13	61	  0.433333	10	  0.999882	
13	63	     -68.3	10	  0.999936	
13	64	   53.6333	10	  0.999959	
14	1	      82.9	9	  0.999956	
14	2	  -88.7222	9	  0.999862	
14	3	  -16.8333	10	  0.999977	
14	4	     231.1	10	  0.999976	
14	5	   113.033	10	  0.999905	
14	6	   88.3778	9	  0.999981	
14	7	  -6.56667	10	  0.999968	
14	8	     152.3	10	   0.99998	
14	9	      79.9	10	  0.999975	
14	10	   156.433	10	  0.999991	
14	11	  -88.3667	10	  0.999972	
14	12	  -80.7667	10	  0.999981	
14	13	     180.7	10	  0.999982	
14	14	      70.7	10	  0.999972	
14	15	  -126.644	9	  0.999977	
14	16	    -100.1	10	  0.999968	
14	17	   28.6333	10	  0.999996	
14	18	  -68.2333	10	  0.999899	
14	19	  -94.0333	10	  0.999976	
14	20	  -300.567	10	  0.999956	
14	21	  -43.2333	10	  0.999922	
14	22	    -135.3	10	  0.999967	
14	23	      -4.3	10	  0.999989	
14	24	   92.2333	10	  0.999941	
14	25	   199.433	10	   0.99999	
14	27	   146.033	10	  0.999928	
14	28	   95.1667	10	  0.999996	
14	29	  -198.967	10	  0.999931	
14	30	     100.3	10	  0.999975	
14	31	  -113.967	10	  0.999913	
14	32	  -41.8333	10	  0.999918	
14	33	  -2.95556	9	  0.999993	
14	34	   194.567	10	  0.999987	
14	35	   130.833	10	  0.999952	
14	36	  -140.567	10	  0.999989	
14	37	     201.5	10	  0.999981	
14	38	  -186.967	10	  0.999909	
14	39	   77.6333	10	  0.999979	
14	40	  -95.2333	10	  0.999961	
14	41	   29.0333	10	  0.999968	
14	42	   76.4333	10	  0.999979	
14	43	  -112.167	10	  0.999968	
14	44	     -43.5	10	  0.999979	
14	45	  -31.7111	9	  0.999966	
14	46	   12.8333	10	  0.999985	
14	47	   161.567	10	  0.999968	
14	48	  -104.767	9	  0.999956	
14	49	   269.033	9	  0.999987	
14	50	  -35.9667	10	  0.999991	
14	51	  -14.4444	9	  0.999986	
14	52	   168.567	10	  0.999926	
14	53	   310.833	10	  0.999975	
14	54	  -110.178	9	  0.999947	
#14	55	 FIT FAILED
14	56	   276.378	9	  0.999863	
14	57	   234.233	10	  0.999938	
14	58	   186.567	10	  0.999878	
14	59	     247.5	10	  0.999978	
14	60	   21.4333	10	  0.999942	
14	61	     143.7	10	   0.99992	
14	62	   5.83333	10	  0.999963	
14	63	   292.611	9	  0.999971	
14	64	     324.3	10	  0.999951	
15	1	-0.0333333	10	  0.999942	
15	2	   138.833	10	  0.999956	
15	3	  -50.4333	10	  0.999987	
15	4	     -37.9	10	  0.999966	
15	5	   59.6333	10	  0.999941	
15	6	  -28.6333	10	  0.999994	
15	7	     -93.5	10	  0.999996	
15	8	    -280.3	10	  0.999987	
15	9	      89.1	10	  0.999993	
15	10	      32.5	10	  0.999959	
15	11	   135.767	10	  0.999991	
15	12	   82.8333	10	   0.99998	
15	13	  -218.633	10	  0.999931	
15	14	      -3.1	10	  0.999993	
15	15	   32.3667	10	  0.999922	
15	16	     -71.7	10	  0.999921	
15	17	   214.567	10	  0.999994	
15	18	   279.433	10	  0.999864	
15	19	      37.5	10	  0.999991	
15	20	      33.7	10	  0.999966	
15	21	   26.2333	10	  0.999912	
15	22	      23.5	10	  0.999984	
15	23	  -74.5667	10	  0.999971	
15	24	   91.8889	9	  0.999328	
15	25	   134.167	10	  0.999945	
15	26	   7.07778	9	  0.999332	
15	27	     123.5	10	  0.999962	
15	28	   44.5667	10	  0.999992	
15	29	   171.576	9	   0.98068	Bad Fit 
15	30	      36.7	10	  0.999917	
15	31	   2.83333	10	   0.99997	
15	32	      17.1	10	  0.999935	
15	33	    -235.5	10	  0.999972	
15	34	  -101.567	10	  0.999985	
15	35	  -72.7667	10	  0.999855	
15	36	   74.3667	10	  0.999996	
15	37	      59.7	10	   0.99999	
15	38	  -92.8333	10	  0.999935	
15	39	   8.23333	10	  0.999995	
15	40	   117.567	10	  0.999923	
15	41	   159.033	10	  0.999979	
15	42	   32.5667	10	  0.999985	
15	43	  -19.3667	10	  0.999963	
15	44	   47.4333	10	  0.999986	
15	45	  -79.9667	10	  0.999916	
15	46	  -218.833	10	   0.99995	
15	47	      68.9	10	  0.999967	
15	48	     -34.5	10	  0.999943	
15	49	  -104.967	10	  0.999988	
15	50	     180.9	10	  0.999991	
15	51	      -7.5	10	  0.999976	
15	52	    -136.7	10	  0.999976	
15	53	   114.167	10	  0.999981	
15	54	      26.1	10	  0.999875	
15	55	   140.833	10	  0.999898	
15	56	   459.767	10	  0.998726	Bad Fit 
15	57	   161.033	10	  0.999951	
15	58	     -47.9	10	  0.999972	
15	59	   73.5667	10	  0.999988	
15	60	     -34.3	10	  0.999951	
15	61	  -214.033	10	  0.999939	
15	62	      61.1	10	  0.999985	
15	63	   10.5667	10	  0.999957	
15	64	  -70.6333	10	  0.999971	
16	1	   91.6257	7	  0.999786	Few Peaks
16	2	  -402.649	5	  0.991238	Bad Fit Few Peaks
16	3	   64.6556	9	   0.99994	
16	4	   208.967	10	  0.998923	Bad Fit 
16	5	   496.707	9	  0.999977	
16	6	   6.11111	9	  0.999947	
16	7	   199.089	9	  0.999942	
16	8	   144.311	9	  0.999925	
16	9	   173.967	9	  0.999903	
16	10	  -20.7556	9	  0.999949	
16	11	   25.9444	9	   0.99992	
16	12	     294.7	10	  0.999665	
16	13	   106.933	9	  0.999946	
16	14	   134.744	9	  0.999954	
16	15	   141.256	9	  0.999986	
16	16	   40.8778	9	  0.999965	
16	17	   95.9667	10	  0.999969	
16	18	  -20.5111	9	  0.999989	
16	19	  -128.578	9	  0.999937	
16	20	   45.6333	10	  0.999986	
16	21	   31.0333	10	   0.99996	
16	22	      41.7	10	  0.999931	
16	23	  -6.63333	10	  0.999969	
16	24	  -132.433	10	  0.999968	
16	25	  -13.3667	10	  0.999954	
16	26	   48.7111	9	  0.999959	
16	27	     139.7	10	  0.999974	
16	28	     -31.3	10	  0.999965	
16	29	   29.0333	10	   0.99998	
16	30	   98.4333	9	  0.999961	
16	31	   123.167	10	  0.999991	
16	32	  -75.0333	10	   0.99999	
16	33	   83.0778	9	  0.999929	
16	34	  -29.8222	9	   0.99999	
16	35	  -83.6556	9	  0.999982	
16	36	  -9.98889	9	  0.999981	
16	37	  -191.189	9	  0.999978	
16	38	   192.344	9	  0.999948	
16	39	  -108.833	10	  0.999978	
16	40	  -4.44444	9	  0.999957	
16	41	  -2.41111	9	  0.999962	
16	42	   79.8222	9	  0.999973	
16	43	   22.9778	9	  0.999962	
16	44	  -133.967	10	  0.999958	
16	45	  -98.4667	9	  0.999973	
16	46	  -78.0333	9	   0.99997	
16	47	   100.967	10	  0.999982	
16	48	  -230.756	9	   0.99996	
16	49	  -31.2111	9	  0.999977	
16	50	   27.0222	9	  0.999987	
16	51	   152.011	9	  0.999981	
16	52	   109.767	10	   0.99996	
16	53	   295.389	9	         1	
16	54	   153.178	9	  0.999944	
16	55	  -286.367	9	  0.999913	
16	56	      69.3	10	  0.999862	
16	57	   157.156	9	  0.999996	
16	58	   61.5333	9	   0.99997	
16	59	   54.5667	10	  0.999947	
16	60	  -74.8444	9	   0.99992	
16	61	  -108.633	10	  0.999941	
16	62	     120.7	10	   0.99994	
16	63	  -38.5222	9	  0.999969	
16	64	  -1.96667	9	  0.999995	
