# Energy (ToT) and timing channels
# Chan || CTDC number || CTDC Chan || FIMP cabel || FIMP Chan || position (beam direction)
    0       0       0       0       0       T 
    1       0       1       0       1       T
    2       0       2       0       2       T
    3       0       3       0       3       T
    4       0       4       0       4       T
    5       0       5       0       5       T
    6       0       6       0       6       T
    7       0       7       0       7       T
    8       0       8       0       8       T
    9       0       9       0       9       T
    10      0       10      0       10      T
    11      0       11      0       11      T
    12      0       12      0       12      T
    13      0       13      0       13      T
    14      0       14      0       14      T
    15      0       15      0       15      T 
    
    16      0       16      1       16      T              
    17      0       17      1       17      T
    18      0       18      1       18      T
    19      0       19      1       19      T
    20      0       20      1       20      T
    21      0       21      1       21      T
    22      0       22      1       22      T
    23      0       23      1       23      T
    24      0       24      1       24      T
    25      0       25      1       25      T
    26      0       26      1       26      T
    27      0       27      1       27      T
    28      0       28      1       28      T
    29      0       29      1       29      T
    30      0       30      1       30      T
    31      0       31      1       31      T
    
    32      0       32      2       32      T              
    33      0       33      2       33      T
    34      0       34      2       34      T
    35      0       35      2       35      T
    36      0       36      2       36      T
    37      0       37      2       37      T
    38      0       38      2       38      T
    39      0       39      2       39      T
    40      0       40      2       40      T
    41      0       41      2       41      T
    42      0       42      2       42      T
    43      0       43      2       43      T
    44      0       44      2       44      T
    45      0       45      2       45      T
    46      0       46      2       46      T
    47      0       47      2       47      T
    
    48      0       48      3       48      R              
    49      0       49      3       49      R
    50      0       50      3       50      R
    51      0       51      3       51      R
    52      0       52      3       52      R
    53      0       53      3       53      R
    54      0       54      3       54      R
    55      0       55      3       55      R
    56      0       56      3       56      R
    57      0       57      3       57      R
    58      0       58      3       58      R
    59      0       59      3       59      R
    60      0       60      3       60      R
    61      0       61      3       61      R
    62      0       62      3       62      R
    63      0       63      3       63      R 
    
    64      0       64      4       64      R              
    65      0       65      4       65      R
    66      0       66      4       66      R
    67      0       67      4       67      R
    68      0       68      4       68      R
    69      0       69      4       69      R
    70      0       70      4       70      R
    71      0       71      4       71      R
    72      0       72      4       72      R
    73      0       73      4       73      R
    74      0       74      4       74      R
    75      0       75      4       75      R
    76      0       76      4       76      R
    77      0       77      4       77      R
    78      0       78      4       78      R
    79      0       79      4       79      R
    
    80      0       80      5       80      R              
    81      0       81      5       81      R
    82      0       82      5       82      R
    83      0       83      5       83      R
    84      0       84      5       84      R
    85      0       85      5       85      R
    86      0       86      5       86      R
    87      0       87      5       87      R
    88      0       88      5       88      R
    89      0       89      5       89      R
    90      0       90      5       90      R
    91      0       91      5       91      R
    92      0       92      5       92      R
    93      0       93      5       93      R
    94      0       94      5       94      R
    95      0       95      5       95      R
    
    128     1       0       6       96      B              
    129     1       1       6       97      B
    130     1       2       6       98      B
    131     1       3       6       99      B
    132     1       4       6       100     B
    133     1       5       6       101     B
    134     1       6       6       102     B
    135     1       7       6       103     B
    136     1       8       6       104     B
    137     1       9       6       105     B
    138     1       10      6       106     B
    139     1       11      6       107     B
    140     1       12      6       108     B
    141     1       13      6       109     B
    142     1       14      6       110     B
    143     1       15      6       111     B 
    
    144     1       16      7       112     B              
    145     1       17      7       113     B
    146     1       18      7       114     B
    147     1       19      7       115     B
    148     1       20      7       116     B
    149     1       21      7       117     B
    150     1       22      7       118     B
    151     1       23      7       119     B
    152     1       24      7       120     B
    153     1       25      7       121     B
    154     1       26      7       122     B
    155     1       27      7       123     B
    156     1       28      7       124     B
    157     1       29      7       125     B
    158     1       30      7       126     B
    159     1       31      7       127     B
    
    160     1       32      8       128     B              
    161     1       33      8       129     B
    162     1       34      8       130     B
    163     1       35      8       131     B
    164     1       36      8       132     B
    165     1       37      8       133     B
    166     1       38      8       134     B
    167     1       39      8       135     B
    168     1       40      8       136     B
    169     1       41      8       137     B
    170     1       42      8       138     B
    171     1       43      8       139     B
    172     1       44      8       140     B
    173     1       45      8       141     B
    174     1       46      8       142     B
    175     1       47      8       143     B
    
    176     1       48      9       144     L              
    177     1       49      9       145     L
    178     1       50      9       146     L
    179     1       51      9       147     L
    180     1       52      9       148     L
    181     1       53      9       149     L
    182     1       54      9       150     L
    183     1       55      9       151     L
    184     1       56      9       152     L
    185     1       57      9       153     L
    186     1       58      9       154     L
    187     1       59      9       155     L
    188     1       60      9       156     L
    189     1       61      9       157     L
    190     1       62      9       158     L
    191     1       63      9       159     L 
    
    192     1       64      10      160     L              
    193     1       65      10      161     L
    194     1       66      10      162     L
    195     1       67      10      163     L
    196     1       68      10      164     L
    197     1       69      10      165     L
    198     1       70      10      166     L
    199     1       71      10      167     L
    200     1       72      10      168     L
    201     1       73      10      169     L
    202     1       74      10      170     L
    203     1       75      10      171     L
    204     1       76      10      172     L
    205     1       77      10      173     L
    206     1       78      10      174     L
    207     1       79      10      175     L
   
    208     1       80      11      176     L              
    209     1       81      11      177     L
    210     1       82      11      178     L
    211     1       83      11      179     L
    212     1       84      11      180     L
    213     1       85      11      181     L
    214     1       86      11      182     L
    215     1       87      11      183     L
    216     1       88      11      184     L
    217     1       89      11      185     L
    218     1       90      11      186     L
    219     1       91      11      187     L
    220     1       92      11      188     L
    221     1       93      11      189     L
    222     1       94      11      190     L
    223     1       95      11      191     L
