#:::::::::::::::::::::::::LISA Mapping - All boards channels::::::::::::::::::::::::
#----------------------------------------------------------------------------------#
#           FEBEXID  FEBEXCHA  LayerID(z)  DiamondID(x) DiamondID(y)    Name
#-----------------------------------------------------------------------------------#

#Front side (xy)

#::: 03 :: 13 :: 23 :: 33 :::
#::: 02 :: 12 :: 22 :: 32 :::
#::: 01 :: 11 :: 21 :: 31 :::
#::: 00 :: 10 :: 20 :: 30 :::

#:::::::::::::::   B O A R D  0   :::::::::::::::#

        0       0         0     2     1   779_01 
        0       1         0     2     2   778_01  
        0       2         0     1     2   778_07 
        0       3         0     3     0   0_ch3  
        0       4         0     2     3   0_ch4 
        0       5         0     0     1   779_03  
        0       6         0     1     1   779_02 
        0       7         0     3     1   0_ch7 
        0       8         0     1     3   0_ch8 
        0       9         0     0     2   778_09  
        0      10         0     2     0   779_04 
        0      11         0     3     2   0_ch11  
        0      12         0     0     3   0_ch12 
        0      13         0     0     0   779_07  
        0      14         0     1     0   779_06 
        0      15         0     3     3   0_ch15 

#:::::::::::::::   B O A R D  1   :::::::::::::::#

        1       0         1     0     0   1_ch0 
        1       1         1     1     0   1_ch1  
        1       2         1     2     0   1_ch2 
        1       3         1     3     0   1_ch3  
        1       4         1     0     1   1_ch4 
        1       5         1     1     1   1_ch5  
        1       6         1     2     1   1_ch6 
        1       7         1     3     1   1_ch7 
        1       8         1     0     2   1_ch8 
        1       9         1     1     2   1_ch9  
        1      10         1     2     2   1_ch10 
        1      11         1     3     2   1_ch11  
        1      12         1     0     3   1_ch12 
        1      13         1     1     3   1_ch13  
        1      14         1     2     3   1_ch14 
        1      15         1     3     3   1_ch15 
        
#:::::::::::::::   B O A R D  2   :::::::::::::::#

        2       0         2     0     0   2_ch0 
        2       1         2     1     0   2_ch1  
        2       2         2     2     0   2_ch2 
        2       3         2     3     0   2_ch3  
        2       4         2     0     1   2_ch4 
        2       5         2     1     1   2_ch5  
        2       6         2     2     1   2_ch6 
        2       7         2     3     1   2_ch7 
        2       8         2     0     2   2_ch8 
        2       9         2     1     2   2_ch9  
        2      10         2     2     2   2_ch10 
        2      11         2     3     2   2_ch11  
        2      12         2     0     3   2_ch12 
        2      13         2     1     3   2_ch13  
        2      14         2     2     3   2_ch14 
        2      15         2     3     3   2_ch15 
        
#:::::::::::::::   B O A R D  3   :::::::::::::::#

        3       0         3     0     0   3_ch0 
        3       1         3     1     0   3_ch1  
        3       2         3     2     0   3_ch2 
        3       3         3     3     0   3_ch3  
        3       4         3     0     1   3_ch4 
        3       5         3     1     1   3_ch5  
        3       6         3     2     1   3_ch6 
        3       7         3     3     1   3_ch7 
        3       8         3     0     2   3_ch8 
        3       9         3     1     2   3_ch9  
        3      10         3     2     2   3_ch10 
        3      11         3     3     2   3_ch11  
        3      12         3     0     3   3_ch12 
        3      13         3     1     3   3_ch13  
        3      14         3     2     3   3_ch14 
        3      15         3     3     3   3_ch15 
        
#:::::::::::::::   B O A R D  4   :::::::::::::::#

        4       0         4     0     0   4_ch0 
        4       1         4     1     0   4_ch1  
        4       2         4     2     0   4_ch2 
        4       3         4     3     0   4_ch3  
        4       4         4     0     1   4_ch4 
        4       5         4     1     1   4_ch5  
        4       6         4     2     1   4_ch6 
        4       7         4     3     1   4_ch7 
        4       8         4     0     2   4_ch8 
        4       9         4     1     2   4_ch9  
        4      10         4     2     2   4_ch10 
        4      11         4     3     2   4_ch11  
        4      12         4     0     3   4_ch12 
        4      13         4     1     3   4_ch13  
        4      14         4     2     3   4_ch14 
        4      15         4     3     3   4_ch15 


#:::::::::::::::   B O A R D  5   :::::::::::::::#

        5       0         5     0     0   5_ch0 
        5       1         5     1     0   5_ch1  
        5       2         5     2     0   5_ch2 
        5       3         5     3     0   5_ch3  
        5       4         5     0     1   5_ch4 
        5       5         5     1     1   5_ch5  
        5       6         5     2     1   5_ch6 
        5       7         5     3     1   5_ch7 
        5       8         5     0     2   5_ch8 
        5       9         5     1     2   5_ch9  
        5      10         5     2     2   5_ch10 
        5      11         5     3     2   5_ch11  
        5      12         5     0     3   5_ch12 
        5      13         5     1     3   5_ch13  
        5      14         5     2     3   5_ch14 
        5      15         5     3     3   5_ch15 
        
#:::::::::::::::   B O A R D  6   :::::::::::::::#

        6       0         6     0     0   6_ch0 
        6       1         6     1     0   6_ch1  
        6       2         6     2     0   6_ch2 
        6       3         6     3     0   6_ch3  
        6       4         6     0     1   6_ch4 
        6       5         6     1     1   6_ch5  
        6       6         6     2     1   6_ch6 
        6       7         6     3     1   6_ch7 
        6       8         6     0     2   6_ch8 
        6       9         6     1     2   6_ch9  
        6      10         6     2     2   6_ch10 
        6      11         6     3     2   6_ch11  
        6      12         6     0     3   6_ch12 
        6      13         6     1     3   6_ch13  
        6      14         6     2     3   6_ch14 
        6      15         6     3     3   6_ch15 
#:::::::::::::::   B O A R D  7   :::::::::::::::#

        7       0         7     0     0   7_ch0 
        7       1         7     1     0   7_ch1  
        7       2         7     2     0   7_ch2 
        7       3         7     3     0   7_ch3  
        7       4         7     0     1   7_ch4 
        7       5         7     1     1   7_ch5  
        7       6         7     2     1   7_ch6 
        7       7         7     3     1   7_ch7 
        7       8         7     0     2   7_ch8 
        7       9         7     1     2   7_ch9  
        7      10         7     2     2   7_ch10 
        7      11         7     3     2   7_ch11  
        7      12         7     0     3   7_ch12 
        7      13         7     1     3   7_ch13  
        7      14         7     2     3   7_ch14 
        7      15         7     3     3   7_ch15 

#:::::::::::::::   B O A R D  8   :::::::::::::::#

        8       0         8     0     0   8_ch0 
        8       1         8     1     0   8_ch1  
        8       2         8     2     0   8_ch2 
        8       3         8     3     0   8_ch3  
        8       4         8     0     1   8_ch4 
        8       5         8     1     1   8_ch5  
        8       6         8     2     1   8_ch6 
        8       7         8     3     1   8_ch7 
        8       8         8     0     2   8_ch8 
        8       9         8     1     2   8_ch9  
        8      10         8     2     2   8_ch10 
        8      11         8     3     2   8_ch11  
        8      12         8     0     3   8_ch12 
        8      13         8     1     3   8_ch13  
        8      14         8     2     3   8_ch14 
        8      15         8     3     3   8_ch15 

#:::::::::::::::   B O A R D  9   :::::::::::::::#

        9       0         9     0     0   9_ch0 
        9       1         9     1     0   9_ch1  
        9       2         9     2     0   9_ch2 
        9       3         9     3     0   9_ch3  
        9       4         9     0     1   9_ch4 
        9       5         9     1     1   9_ch5  
        9       6         9     2     1   9_ch6 
        9       7         9     3     1   9_ch7 
        9       8         9     0     2   9_ch8 
        9       9         9     1     2   9_ch9  
        9      10         9     2     2   9_ch10 
        9      11         9     3     2   9_ch11  
        9      12         9     0     3   9_ch12 
        9      13         9     1     3   9_ch13  
        9      14         9     2     3   9_ch14 
        9      15         9     3     3   9_ch15 
        
              
