#GERMANIUM CALIBRATION COEFFICIENTS FROM 30 MIN 152Eu DATA
#USED 7 peaks from 122 - 1408 keV
13 0    1                    0
14 0    1                    0
15 0    1                    0
16 0    1                    0
17 0    1                    0
1  0    0.0010711641675082513 0.3663454291504629
1  1    0.001792169368261764 0.2225950385337187
1  2    0.0008625115233737399 -0.009295554816091093
2  0    0.003332222425714696 0.3340364187393713
2  1    0.0017425601827181349 -0.07190176096954674
2  2    0.002189279574926999 0.6822784683469009
3  0    0.0010941813042735355 0.4758984054398222
3  1    0.0016241119020697506 0.007263982219542714
3  2    0.001   0
4  0    0.001686762649280278 0.009778444254319242
4  1    0.002333438675127198 0.4707695042906077
4  2    0.002384240942578197 1.784504293770006
5  0    0.0016778521172975411 -0.10127757166475677
5  1    0.0017502770182081769 0.2858559816143695
5  2    0.001   0
6  0    0.0023134808753148993 -0.2020829604031497
6  1    0.001745323164772044 -0.053415987964059865
6  2    0.0016860620032492003 0.20055715594400986
7  0    0.001   0
7  1    0.001   0
7  2    0.0007312495555874136 0.09408181175678024
8  0    0.002380042298129763 -1.3197192173844772
8  1    0.0016766575317175966 -0.017082485449214375
8  2    0.0018031873597109613 0.030161460910673215
9  0    0.002030785980563437 0.9660421766600912
9  1    0.001   0
9  2    0.001674258146596734 0.09158132366675528
10 0    0.0016863739450357863 0.08771449089318713
10 1    0.0018280755152079984 0.304906561889791
10 2    0.001   0
11 0    0.0015685923280599173 0.08607878055528863
11 1    0.001093540717026355 0.043835339979649106
11 2    0.001   0
12 0    0.0010626611346756124 0.19557594673679948
12 1    0.001   0
12 2    0.001   0